70
19
3

-0.0168755321985499
0.224557489626266
0.0227032134452017
-0.206360063261203
-0.0229178072816863
0.520463813489687
0.000958701419228335
-0.720382490116914
-0.0160067875776834
0.817752609956662
-0.0124537207824243
0.200958795321035
0.010076915806671
2.0537889736918
-0.0922871273893865
0.652205690150464
0.116887069380222
-0.431575320758816
-0.045154485122841

0 0 1

0.115274519005162
-0.0607345656247161
-0.046721225254034
-0.722503615055825
0.0317133134122819
0.142025000287036
-0.0167018900858196
-0.27221501052173
0.00395924156594526
2.31432125247469
-0.0527102690334212
-0.790566764364817
0.0183312060533696
2.69942870672044
-0.0843770777552157
1.04213915406519
0.116797668462422
-0.422065025351393
-0.0401372468906375

0 0 1

-0.0275020009195715
0.202570708884362
0.0175019261749667
0.32589478969282
-0.031377188831046
-0.747710420525156
-0.0374172170722715
0.120512246350669
0.0338881377674621
2.19526201386724
-0.0825147172371317
0.057971783003582
0.083996127820829
-0.725750714609308
-0.00897969807391993
0.146644906763831
0.0210609731247312
0.787794995883727
-0.0292435007051436

0 0 1

-0.0351126411480396
-0.260378111335837
0.00420008311743432
-0.0424164489055675
-0.00352652155536781
-0.475959402890034
0.00672896370424372
9.06111009263618
-0.106548815490349
-0.693617686012782
0.0297426073288142
0.541972954040997
0.0711856321702006
-0.576454243163227
-0.0032953624453371
-0.0796210522660946
0.0220223574511433
0.0867623550969345
-0.058392022627619

0 1 0

-0.043607283611025
0.59388864157456
0.032926438948061
-0.579693394801059
-0.041938690755413
-0.45856823012181
0.020222982867513
1.05527553530577
-0.0400008805917576
1.43264315503029
-0.06449881899695
-0.392509576461591
0.113358696291648
-0.652944480043376
-0.00823887905448847
0.24866832979245
0.00812972032163675
-0.180443481630283
-0.0103587692795546

0 0 1

-0.0168755321985499
0.224557489626266
0.0227032134452017
-0.206360063261203
-0.0229178072816863
0.520463813489687
0.000958701419228335
-0.720382490116914
-0.0160067875776834
0.817752609956662
-0.0124537207824243
0.200958795321035
0.010076915806671
2.0537889736918
-0.0922871273893865
0.652205690150464
0.116887069380222
-0.831350799264632
-0.000887795016041833

0 0 1

0.115274519005162
-0.0607345656247161
-0.046721225254034
-0.722503615055825
0.0317133134122819
0.142025000287036
-0.0167018900858196
-0.27221501052173
0.00395924156594526
2.31432125247469
-0.0527102690334212
-0.790566764364817
0.0183312060533696
2.69942870672044
-0.0843770777552157
1.04213915406519
0.116797668462422
-0.810483949806914
-0.00611548245093778

0 0 1

0.00283056325220195
1.18814912555458
-0.0275020009195715
0.202570708884362
0.0175019261749667
0.32589478969282
-0.031377188831046
-0.747710420525156
-0.0374172170722715
0.120512246350669
0.0338881377674621
2.19526201386724
-0.0825147172371317
0.057971783003582
0.083996127820829
-0.725750714609308
-0.00897969807391993
0.146644906763831
0.0210609731247312

0 0 1

-0.0104701213758514
0.00736581197985033
0.0207176727234726
0.160696467531789
-0.0351126411480396
-0.260378111335837
0.00420008311743432
-0.0424164489055675
-0.00352652155536781
-0.475959402890034
0.00672896370424372
9.06111009263618
-0.106548815490349
-0.693617686012782
0.0297426073288142
0.541972954040997
0.0711856321702006
-0.576454243163227
-0.0032953624453371

1 0 0

-0.0190849981470874
-0.153984339492572
0.00979255748458775
1.49274860626273
-0.043607283611025
0.59388864157456
0.032926438948061
-0.579693394801059
-0.041938690755413
-0.45856823012181
0.020222982867513
1.05527553530577
-0.0400008805917576
1.43264315503029
-0.06449881899695
-0.392509576461591
0.113358696291648
-0.652944480043376
-0.00823887905448847

0 1 0

0.0057831471220518
0.167812567693086
-0.0168755321985499
0.224557489626266
0.0227032134452017
-0.206360063261203
-0.0229178072816863
0.520463813489687
0.000958701419228335
-0.720382490116914
-0.0160067875776834
0.817752609956662
-0.0124537207824243
0.200958795321035
0.010076915806671
2.0537889736918
-0.0922871273893865
0.320289874060594
0.100614575049824

0 1 0

-0.0242584639053471
4.46260357643195
0.115274519005162
-0.0607345656247161
-0.046721225254034
-0.722503615055825
0.0317133134122819
0.142025000287036
-0.0167018900858196
-0.27221501052173
0.00395924156594526
2.31432125247469
-0.0527102690334212
-0.790566764364817
0.0183312060533696
2.69942870672044
-0.0843770777552157
0.68390518875082
0.109227040340703

1 0 0

0.123928509293698
-0.763644305662729
-0.0200730461412309
-0.0725268781023768
0.00283056325220195
1.18814912555458
-0.0275020009195715
0.202570708884362
0.0175019261749667
0.32589478969282
-0.031377188831046
-0.747710420525156
-0.0374172170722715
0.120512246350669
0.0338881377674621
2.19526201386724
-0.0825147172371317
0.057971783003582
0.083996127820829

0 1 0

0.0101982189026141
0.0547878950389757
-0.0104701213758514
0.00736581197985033
0.0207176727234726
0.160696467531789
-0.0351126411480396
-0.260378111335837
0.00420008311743432
-0.0424164489055675
-0.00352652155536781
-0.475959402890034
0.00672896370424372
9.06111009263618
-0.106548815490349
-0.693617686012782
0.0297426073288142
-0.467659821238662
0.0531876833544017

0 0 1

0.110651712299935
-0.763830276604478
-0.0190849981470874
-0.153984339492572
0.00979255748458775
1.49274860626273
-0.043607283611025
0.59388864157456
0.032926438948061
-0.579693394801059
-0.041938690755413
-0.45856823012181
0.020222982867513
1.05527553530577
-0.0400008805917576
1.43264315503029
-0.06449881899695
-0.764419326105253
0.0851048183083952

0 1 0

0.0057831471220518
0.167812567693086
-0.0168755321985499
0.224557489626266
0.0227032134452017
-0.206360063261203
-0.0229178072816863
0.520463813489687
0.000958701419228335
-0.720382490116914
-0.0160067875776834
0.817752609956662
-0.0124537207824243
0.200958795321035
0.010076915806671
2.0537889736918
-0.0922871273893865
-0.470602803739417
0.0572752530458772

0 0 1

-0.0300371551579435
4.25577619801424
0.110651712299935
-0.763830276604478
-0.0190849981470874
-0.153984339492572
0.00979255748458775
1.49274860626273
-0.043607283611025
0.59388864157456
0.032926438948061
-0.579693394801059
-0.041938690755413
-0.45856823012181
0.020222982867513
1.05527553530577
-0.0400008805917576
1.43264315503029
-0.06449881899695

0 1 0

0.0057831471220518
0.167812567693086
-0.0168755321985499
0.224557489626266
0.0227032134452017
-0.206360063261203
-0.0229178072816863
0.520463813489687
0.000958701419228335
-0.720382490116914
-0.0160067875776834
0.817752609956662
-0.0124537207824243
0.200958795321035
0.010076915806671
2.0537889736918
-0.0922871273893865
-0.700275512208421
0.0168664526453234

0 0 1

-0.0242584639053471
4.46260357643195
0.115274519005162
-0.0607345656247161
-0.046721225254034
-0.722503615055825
0.0317133134122819
0.142025000287036
-0.0167018900858196
-0.27221501052173
0.00395924156594526
2.31432125247469
-0.0527102690334212
-0.790566764364817
0.0183312060533696
2.69942870672044
-0.0843770777552157
-0.650898521593563
0.0166573444415006

0 1 0

-0.0307186057216822
4.19312999714515
0.123928509293698
-0.763644305662729
-0.0200730461412309
-0.0725268781023768
0.00283056325220195
1.18814912555458
-0.0275020009195715
0.202570708884362
0.0175019261749667
0.32589478969282
-0.031377188831046
-0.747710420525156
-0.0374172170722715
0.120512246350669
0.0338881377674621
2.19526201386724
-0.0825147172371317

0 0 1

0.0990344993812083
-0.286526911717096
-0.0310532286838543
-0.652856184997113
0.0101982189026141
0.0547878950389757
-0.0104701213758514
0.00736581197985033
0.0207176727234726
0.160696467531789
-0.0351126411480396
-0.260378111335837
0.00420008311743432
-0.0424164489055675
-0.00352652155536781
-0.475959402890034
0.00672896370424372
9.06111009263618
-0.106548815490349

0 0 1

-0.0300371551579435
4.25577619801424
0.110651712299935
-0.763830276604478
-0.0190849981470874
-0.153984339492572
0.00979255748458775
1.49274860626273
-0.043607283611025
0.59388864157456
0.032926438948061
-0.579693394801059
-0.041938690755413
-0.45856823012181
0.020222982867513
1.05527553530577
-0.0400008805917576
0.374704300042208
-0.0369665420689339

0 0 1

-0.0203399310984834
-0.134764019684756
0.0057831471220518
0.167812567693086
-0.0168755321985499
0.224557489626266
0.0227032134452017
-0.206360063261203
-0.0229178072816863
0.520463813489687
0.000958701419228335
-0.720382490116914
-0.0160067875776834
0.817752609956662
-0.0124537207824243
0.200958795321035
0.010076915806671
1.15095688130929
-0.0816780287840308

0 0 1

0.0167362653221788
0.00582986615239022
-0.0242584639053471
4.46260357643195
0.115274519005162
-0.0607345656247161
-0.046721225254034
-0.722503615055825
0.0317133134122819
0.142025000287036
-0.0167018900858196
-0.27221501052173
0.00395924156594526
2.31432125247469
-0.0527102690334212
-0.790566764364817
0.0183312060533696
1.34256405950656
-0.047723229527934

0 0 1

-0.0307186057216822
4.19312999714515
0.123928509293698
-0.763644305662729
-0.0200730461412309
-0.0725268781023768
0.00283056325220195
1.18814912555458
-0.0275020009195715
0.202570708884362
0.0175019261749667
0.32589478969282
-0.031377188831046
-0.747710420525156
-0.0374172170722715
0.120512246350669
0.0338881377674621
0.347449158368096
-0.0461712867707772

0 0 1

0.0990344993812083
-0.286526911717096
-0.0310532286838543
-0.652856184997113
0.0101982189026141
0.0547878950389757
-0.0104701213758514
0.00736581197985033
0.0207176727234726
0.160696467531789
-0.0351126411480396
-0.260378111335837
0.00420008311743432
-0.0424164489055675
-0.00352652155536781
-0.475959402890034
0.00672896370424372
5.40149330660946
-0.0399547086343249

0 0 1

-0.0300371551579435
4.25577619801424
0.110651712299935
-0.763830276604478
-0.0190849981470874
-0.153984339492572
0.00979255748458775
1.49274860626273
-0.043607283611025
0.59388864157456
0.032926438948061
-0.579693394801059
-0.041938690755413
-0.45856823012181
0.020222982867513
1.05527553530577
-0.0400008805917576
-0.686763451550264
-0.00550370353383631

0 0 1

-0.0203399310984834
-0.134764019684756
0.0057831471220518
0.167812567693086
-0.0168755321985499
0.224557489626266
0.0227032134452017
-0.206360063261203
-0.0229178072816863
0.520463813489687
0.000958701419228335
-0.720382490116914
-0.0160067875776834
0.817752609956662
-0.0124537207824243
0.200958795321035
0.010076915806671
-0.551524907742021
-0.0152475159292431

0 0 1

0.0417188924339108
0.908763754003852
-0.0307186057216822
4.19312999714515
0.123928509293698
-0.763644305662729
-0.0200730461412309
-0.0725268781023768
0.00283056325220195
1.18814912555458
-0.0275020009195715
0.202570708884362
0.0175019261749667
0.32589478969282
-0.031377188831046
-0.747710420525156
-0.0374172170722715
0.120512246350669
0.0338881377674621

0 1 0

0.0990344993812083
-0.286526911717096
-0.0310532286838543
-0.652856184997113
0.0101982189026141
0.0547878950389757
-0.0104701213758514
0.00736581197985033
0.0207176727234726
0.160696467531789
-0.0351126411480396
-0.260378111335837
0.00420008311743432
-0.0424164489055675
-0.00352652155536781
-0.475959402890034
0.00672896370424372
2.7279190993293
-0.0302600742567739

0 0 1

0.0315028428367534
-0.213295386365141
-0.0300371551579435
4.25577619801424
0.110651712299935
-0.763830276604478
-0.0190849981470874
-0.153984339492572
0.00979255748458775
1.49274860626273
-0.043607283611025
0.59388864157456
0.032926438948061
-0.579693394801059
-0.041938690755413
-0.45856823012181
0.020222982867513
0.0931569423468833
-0.0400008805917576

0 0 1

-0.0208467573816473
-0.138057817413076
0.0150195486393373
0.184974010777023
-0.0203399310984834
-0.134764019684756
0.0057831471220518
0.167812567693086
-0.0168755321985499
0.224557489626266
0.0227032134452017
-0.206360063261203
-0.0229178072816863
0.520463813489687
0.000958701419228335
-0.720382490116914
-0.0160067875776834
0.817752609956662
-0.0124537207824243

0 1 0

0.0661326847269984
2.12672447336457
-0.0612044211934075
-0.78448825934016
0.0167362653221788
0.00582986615239022
-0.0242584639053471
4.46260357643195
0.115274519005162
-0.0607345656247161
-0.046721225254034
-0.722503615055825
0.0317133134122819
0.142025000287036
-0.0167018900858196
-0.27221501052173
0.00395924156594526
1.39657897568939
-0.0265003120232978

1 0 0

0.0504046486476579
0.380595039422171
-0.0810992395719267
-0.851851727859022
0.0417188924339108
0.908763754003852
-0.0307186057216822
4.19312999714515
0.123928509293698
-0.763644305662729
-0.0200730461412309
-0.0725268781023768
0.00283056325220195
1.18814912555458
-0.0275020009195715
0.202570708884362
0.0175019261749667
0.32589478969282
-0.031377188831046

1 0 0

-0.00239986682819915
3.86302727967213
0.0990344993812083
-0.286526911717096
-0.0310532286838543
-0.652856184997113
0.0101982189026141
0.0547878950389757
-0.0104701213758514
0.00736581197985033
0.0207176727234726
0.160696467531789
-0.0351126411480396
-0.260378111335837
0.00420008311743432
-0.0424164489055675
-0.00352652155536781
-0.475959402890034
0.00672896370424372

0 1 0

0.0273031756722701
0.925778079830662
-0.0469064992061085
-0.558680535998912
0.0315028428367534
-0.213295386365141
-0.0300371551579435
4.25577619801424
0.110651712299935
-0.763830276604478
-0.0190849981470874
-0.153984339492572
0.00979255748458775
1.49274860626273
-0.043607283611025
0.59388864157456
0.032926438948061
-0.579693394801059
-0.041938690755413

1 0 0

0.0661326847269984
2.12672447336457
-0.0612044211934075
-0.78448825934016
0.0167362653221788
0.00582986615239022
-0.0242584639053471
4.46260357643195
0.115274519005162
-0.0607345656247161
-0.046721225254034
-0.722503615055825
0.0317133134122819
0.142025000287036
-0.0167018900858196
-0.27221501052173
0.00395924156594526
0.0544461154859174
-0.0218676327832478

1 0 0

0.0504046486476579
0.380595039422171
-0.0810992395719267
-0.851851727859022
0.0417188924339108
0.908763754003852
-0.0307186057216822
4.19312999714515
0.123928509293698
-0.763644305662729
-0.0200730461412309
-0.0725268781023768
0.00283056325220195
1.18814912555458
-0.0275020009195715
0.202570708884362
0.0175019261749667
-0.217954464068521
-0.0100374306242741

1 0 0

-0.0514871767702858
-0.888261884383851
0.00661419375258914
1.37776513602797
-0.00239986682819915
3.86302727967213
0.0990344993812083
-0.286526911717096
-0.0310532286838543
-0.652856184997113
0.0101982189026141
0.0547878950389757
-0.0104701213758514
0.00736581197985033
0.0207176727234726
0.160696467531789
-0.0351126411480396
-0.260378111335837
0.00420008311743432

0 1 0

-0.0895768937166025
-0.642950224801055
0.0273031756722701
0.925778079830662
-0.0469064992061085
-0.558680535998912
0.0315028428367534
-0.213295386365141
-0.0300371551579435
4.25577619801424
0.110651712299935
-0.763830276604478
-0.0190849981470874
-0.153984339492572
0.00979255748458775
1.49274860626273
-0.043607283611025
0.59388864157456
0.032926438948061

1 0 0

0.0249523872534887
1.08314236059252
-0.0112272515595966
2.59014841075574
0.107247444601955
-0.744879844346599
-0.0208467573816473
-0.138057817413076
0.0150195486393373
0.184974010777023
-0.0203399310984834
-0.134764019684756
0.0057831471220518
0.167812567693086
-0.0168755321985499
0.224557489626266
0.0227032134452017
-0.206360063261203
-0.0229178072816863

1 0 0

0.00683171609080729
0.337741491437932
-0.0794985181150251
-0.145954303053179
0.0661326847269984
2.12672447336457
-0.0612044211934075
-0.78448825934016
0.0167362653221788
0.00582986615239022
-0.0242584639053471
4.46260357643195
0.115274519005162
-0.0607345656247161
-0.046721225254034
-0.722503615055825
0.0317133134122819
0.142025000287036
-0.0167018900858196

1 0 0

-0.0837735025150525
-0.135686832872257
0.0504046486476579
0.380595039422171
-0.0810992395719267
-0.851851727859022
0.0417188924339108
0.908763754003852
-0.0307186057216822
4.19312999714515
0.123928509293698
-0.763644305662729
-0.0200730461412309
-0.0725268781023768
0.00283056325220195
1.18814912555458
-0.0275020009195715
0.202570708884362
0.0175019261749667

1 0 0

-0.0560226043883211
-0.142323361156032
0.0462612246406268
1.79796081728962
-0.0514871767702858
-0.888261884383851
0.00661419375258914
1.37776513602797
-0.00239986682819915
3.86302727967213
0.0990344993812083
-0.286526911717096
-0.0310532286838543
-0.652856184997113
0.0101982189026141
0.0547878950389757
-0.0104701213758514
0.00736581197985033
0.0207176727234726

0 1 0

-0.0895768937166025
-0.642950224801055
0.0273031756722701
0.925778079830662
-0.0469064992061085
-0.558680535998912
0.0315028428367534
-0.213295386365141
-0.0300371551579435
4.25577619801424
0.110651712299935
-0.763830276604478
-0.0190849981470874
-0.153984339492572
0.00979255748458775
1.49274860626273
-0.043607283611025
-0.52032827709816
0.0216797951599424

1 0 0

0.0434883076069877
1.14686176787691
-0.0628327206696487
-0.779514309960056
0.0249523872534887
1.08314236059252
-0.0112272515595966
2.59014841075574
0.107247444601955
-0.744879844346599
-0.0208467573816473
-0.138057817413076
0.0150195486393373
0.184974010777023
-0.0203399310984834
-0.134764019684756
0.0057831471220518
0.167812567693086
-0.0168755321985499

1 0 0

0.0263417014490986
-0.430405786781546
-0.016984480065204
-0.162402758028799
0.00683171609080729
0.337741491437932
-0.0794985181150251
-0.145954303053179
0.0661326847269984
2.12672447336457
-0.0612044211934075
-0.78448825934016
0.0167362653221788
0.00582986615239022
-0.0242584639053471
4.46260357643195
0.115274519005162
-0.0607345656247161
-0.046721225254034

0 1 0

0.125963256777073
-0.671978047953878
-0.0837735025150525
-0.135686832872257
0.0504046486476579
0.380595039422171
-0.0810992395719267
-0.851851727859022
0.0417188924339108
0.908763754003852
-0.0307186057216822
4.19312999714515
0.123928509293698
-0.763644305662729
-0.0200730461412309
-0.0725268781023768
0.00283056325220195
1.18814912555458
-0.0275020009195715

0 1 0

-0.0522566697865502
-0.57276170073084
0.00214993620108024
0.428306805690583
-0.0560226043883211
-0.142323361156032
0.0462612246406268
1.79796081728962
-0.0514871767702858
-0.888261884383851
0.00661419375258914
1.37776513602797
-0.00239986682819915
3.86302727967213
0.0990344993812083
-0.286526911717096
-0.0310532286838543
-0.652856184997113
0.0101982189026141

0 1 0

0.147106955556406
-0.418176724609426
-0.0895768937166025
-0.642950224801055
0.0273031756722701
0.925778079830662
-0.0469064992061085
-0.558680535998912
0.0315028428367534
-0.213295386365141
-0.0300371551579435
4.25577619801424
0.110651712299935
-0.763830276604478
-0.0190849981470874
-0.153984339492572
0.00979255748458775
0.277852732364624
-0.0139575618694545

0 1 0

-0.0193334163449966
0.113334842850646
-0.084191101780998
-0.47277465376053
0.0434883076069877
1.14686176787691
-0.0628327206696487
-0.779514309960056
0.0249523872534887
1.08314236059252
-0.0112272515595966
2.59014841075574
0.107247444601955
-0.744879844346599
-0.0208467573816473
-0.138057817413076
0.0150195486393373
0.184974010777023
-0.0203399310984834

0 1 0

0.0263417014490986
-0.430405786781546
-0.016984480065204
-0.162402758028799
0.00683171609080729
0.337741491437932
-0.0794985181150251
-0.145954303053179
0.0661326847269984
2.12672447336457
-0.0612044211934075
-0.78448825934016
0.0167362653221788
0.00582986615239022
-0.0242584639053471
4.46260357643195
0.115274519005162
-0.555194261925988
-0.0203185155576126

0 0 1

-0.0655999858639761
4.20173703331008
0.125963256777073
-0.671978047953878
-0.0837735025150525
-0.135686832872257
0.0504046486476579
0.380595039422171
-0.0810992395719267
-0.851851727859022
0.0417188924339108
0.908763754003852
-0.0307186057216822
4.19312999714515
0.123928509293698
-0.763644305662729
-0.0200730461412309
-0.0725268781023768
0.00283056325220195

0 1 0

0.0866436552974901
0.824106727974801
-0.0522566697865502
-0.57276170073084
0.00214993620108024
0.428306805690583
-0.0560226043883211
-0.142323361156032
0.0462612246406268
1.79796081728962
-0.0514871767702858
-0.888261884383851
0.00661419375258914
1.37776513602797
-0.00239986682819915
3.86302727967213
0.0990344993812083
-0.522092026379833
-0.0218296226629947

0 1 0

0.0405530331665066
1.33510438645007
-0.0853851742277696
0.969818322700429
0.147106955556406
-0.418176724609426
-0.0895768937166025
-0.642950224801055
0.0273031756722701
0.925778079830662
-0.0469064992061085
-0.558680535998912
0.0315028428367534
-0.213295386365141
-0.0300371551579435
4.25577619801424
0.110651712299935
-0.763830276604478
-0.0190849981470874

1 0 0

-0.0858334928562727
3.87373876588512
0.146614126011907
-0.697041229043062
-0.0193334163449966
0.113334842850646
-0.084191101780998
-0.47277465376053
0.0434883076069877
1.14686176787691
-0.0628327206696487
-0.779514309960056
0.0249523872534887
1.08314236059252
-0.0112272515595966
2.59014841075574
0.107247444601955
-0.744879844346599
-0.0208467573816473

1 0 0

-0.00925042626205956
0.917080535201133
0.0263417014490986
-0.430405786781546
-0.016984480065204
-0.162402758028799
0.00683171609080729
0.337741491437932
-0.0794985181150251
-0.145954303053179
0.0661326847269984
2.12672447336457
-0.0612044211934075
-0.78448825934016
0.0167362653221788
0.00582986615239022
-0.0242584639053471
4.46260357643195
0.115274519005162

0 1 0

-0.0724916149820821
-0.456400874207553
0.0375089372467779
0.0897726418642161
-0.0655999858639761
4.20173703331008
0.125963256777073
-0.671978047953878
-0.0837735025150525
-0.135686832872257
0.0504046486476579
0.380595039422171
-0.0810992395719267
-0.851851727859022
0.0417188924339108
0.908763754003852
-0.0307186057216822
4.19312999714515
0.123928509293698

1 0 0

-0.0221481944358877
0.0899434256752597
0.0866436552974901
0.824106727974801
-0.0522566697865502
-0.57276170073084
0.00214993620108024
0.428306805690583
-0.0560226043883211
-0.142323361156032
0.0462612246406268
1.79796081728962
-0.0514871767702858
-0.888261884383851
0.00661419375258914
1.37776513602797
-0.00239986682819915
3.86302727967213
0.0990344993812083

1 0 0

-0.0816594525646656
-0.480580278953168
0.0405530331665066
1.33510438645007
-0.0853851742277696
0.969818322700429
0.147106955556406
-0.418176724609426
-0.0895768937166025
-0.642950224801055
0.0273031756722701
0.925778079830662
-0.0469064992061085
-0.558680535998912
0.0315028428367534
-0.213295386365141
-0.0300371551579435
3.07335741896288
0.0907879105357194

1 0 0

0.0221368410754468
-0.0329238236476454
-0.0858334928562727
3.87373876588512
0.146614126011907
-0.697041229043062
-0.0193334163449966
0.113334842850646
-0.084191101780998
-0.47277465376053
0.0434883076069877
1.14686176787691
-0.0628327206696487
-0.779514309960056
0.0249523872534887
1.08314236059252
-0.0112272515595966
1.70332552476206
0.0754914944415429

0 1 0

-0.00925042626205956
0.917080535201133
0.0263417014490986
-0.430405786781546
-0.016984480065204
-0.162402758028799
0.00683171609080729
0.337741491437932
-0.0794985181150251
-0.145954303053179
0.0661326847269984
2.12672447336457
-0.0612044211934075
-0.78448825934016
0.0167362653221788
0.00582986615239022
-0.0242584639053471
1.7041714471958
0.0572454246832472

0 1 0

-0.0724916149820821
-0.456400874207553
0.0375089372467779
0.0897726418642161
-0.0655999858639761
4.20173703331008
0.125963256777073
-0.671978047953878
-0.0837735025150525
-0.135686832872257
0.0504046486476579
0.380595039422171
-0.0810992395719267
-0.851851727859022
0.0417188924339108
0.908763754003852
-0.0307186057216822
1.72567370591494
0.0653779781916669

0 1 0

-0.0221481944358877
0.0899434256752597
0.0866436552974901
0.824106727974801
-0.0522566697865502
-0.57276170073084
0.00214993620108024
0.428306805690583
-0.0560226043883211
-0.142323361156032
0.0462612246406268
1.79796081728962
-0.0514871767702858
-0.888261884383851
0.00661419375258914
1.37776513602797
-0.00239986682819915
1.42973881231012
0.0403025822390531

0 1 0

-0.0816594525646656
-0.480580278953168
0.0405530331665066
1.33510438645007
-0.0853851742277696
0.969818322700429
0.147106955556406
-0.418176724609426
-0.0895768937166025
-0.642950224801055
0.0273031756722701
0.925778079830662
-0.0469064992061085
-0.558680535998912
0.0315028428367534
-0.213295386365141
-0.0300371551579435
0.388479800199658
0.0326510949178227

0 1 0

0.0221368410754468
-0.0329238236476454
-0.0858334928562727
3.87373876588512
0.146614126011907
-0.697041229043062
-0.0193334163449966
0.113334842850646
-0.084191101780998
-0.47277465376053
0.0434883076069877
1.14686176787691
-0.0628327206696487
-0.779514309960056
0.0249523872534887
1.08314236059252
-0.0112272515595966
-0.20045175812984
0.0102122659106171

0 1 0

0.0800887699487616
-0.2382589661494
-0.00925042626205956
0.917080535201133
0.0263417014490986
-0.430405786781546
-0.016984480065204
-0.162402758028799
0.00683171609080729
0.337741491437932
-0.0794985181150251
-0.145954303053179
0.0661326847269984
2.12672447336457
-0.0612044211934075
-0.78448825934016
0.0167362653221788
0.00582986615239022
-0.0242584639053471

0 1 0

0.0207498947752093
1.50531337573411
-0.0724916149820821
-0.456400874207553
0.0375089372467779
0.0897726418642161
-0.0655999858639761
4.20173703331008
0.125963256777073
-0.671978047953878
-0.0837735025150525
-0.135686832872257
0.0504046486476579
0.380595039422171
-0.0810992395719267
-0.851851727859022
0.0417188924339108
0.908763754003852
-0.0307186057216822

0 1 0

-0.0629049522686065
-0.523964418278345
0.0800887699487616
-0.2382589661494
-0.00925042626205956
0.917080535201133
0.0263417014490986
-0.430405786781546
-0.016984480065204
-0.162402758028799
0.00683171609080729
0.337741491437932
-0.0794985181150251
-0.145954303053179
0.0661326847269984
2.12672447336457
-0.0612044211934075
-0.78448825934016
0.0167362653221788

0 0 1

-0.157186220011703
-0.830465970130732
0.0207498947752093
1.50531337573411
-0.0724916149820821
-0.456400874207553
0.0375089372467779
0.0897726418642161
-0.0655999858639761
4.20173703331008
0.125963256777073
-0.671978047953878
-0.0837735025150525
-0.135686832872257
0.0504046486476579
0.380595039422171
-0.0810992395719267
-0.851851727859022
0.0417188924339108

0 0 1

