130
25
3

0.0167362653221788
0.00582986615239022
-0.0242584639053471
4.46260357643195
0.115274519005162
-0.0607345656247161
-0.046721225254034
-0.722503615055825
0.0317133134122819
0.142025000287036
-0.0167018900858196
-0.27221501052173
0.00395924156594526
2.31432125247469
-0.0527102690334212
-0.790566764364817
0.0183312060533696
2.69942870672044
-0.0843770777552157
1.04213915406519
0.116797668462422
-0.219397158449309
-0.0691770019198749
-0.732643381277541
0.0329914618663067

0 1 0

0.0150195486393373
0.184974010777023
-0.0203399310984834
-0.134764019684756
0.0057831471220518
0.167812567693086
-0.0168755321985499
0.224557489626266
0.0227032134452017
-0.206360063261203
-0.0229178072816863
0.520463813489687
0.000958701419228335
-0.720382490116914
-0.0160067875776834
0.817752609956662
-0.0124537207824243
0.200958795321035
0.010076915806671
2.0537889736918
-0.0922871273893865
0.652205690150464
0.116887069380222
-0.431575320758816
-0.045154485122841

0 0 1

-0.0612044211934075
-0.78448825934016
0.0167362653221788
0.00582986615239022
-0.0242584639053471
4.46260357643195
0.115274519005162
-0.0607345656247161
-0.046721225254034
-0.722503615055825
0.0317133134122819
0.142025000287036
-0.0167018900858196
-0.27221501052173
0.00395924156594526
2.31432125247469
-0.0527102690334212
-0.790566764364817
0.0183312060533696
2.69942870672044
-0.0843770777552157
1.04213915406519
0.116797668462422
-0.422065025351393
-0.0401372468906375

0 0 1

0.123928509293698
-0.763644305662729
-0.0200730461412309
-0.0725268781023768
0.00283056325220195
1.18814912555458
-0.0275020009195715
0.202570708884362
0.0175019261749667
0.32589478969282
-0.031377188831046
-0.747710420525156
-0.0374172170722715
0.120512246350669
0.0338881377674621
2.19526201386724
-0.0825147172371317
0.057971783003582
0.083996127820829
-0.725750714609308
-0.00897969807391993
0.146644906763831
0.0210609731247312
0.787794995883727
-0.0292435007051436

0 0 1

0.0101982189026141
0.0547878950389757
-0.0104701213758514
0.00736581197985033
0.0207176727234726
0.160696467531789
-0.0351126411480396
-0.260378111335837
0.00420008311743432
-0.0424164489055675
-0.00352652155536781
-0.475959402890034
0.00672896370424372
9.06111009263618
-0.106548815490349
-0.693617686012782
0.0297426073288142
0.541972954040997
0.0711856321702006
-0.576454243163227
-0.0032953624453371
-0.0796210522660946
0.0220223574511433
0.0867623550969345
-0.058392022627619

0 1 0

0.110651712299935
-0.763830276604478
-0.0190849981470874
-0.153984339492572
0.00979255748458775
1.49274860626273
-0.043607283611025
0.59388864157456
0.032926438948061
-0.579693394801059
-0.041938690755413
-0.45856823012181
0.020222982867513
1.05527553530577
-0.0400008805917576
1.43264315503029
-0.06449881899695
-0.392509576461591
0.113358696291648
-0.652944480043376
-0.00823887905448847
0.24866832979245
0.00812972032163675
-0.180443481630283
-0.0103587692795546

0 0 1

0.0150195486393373
0.184974010777023
-0.0203399310984834
-0.134764019684756
0.0057831471220518
0.167812567693086
-0.0168755321985499
0.224557489626266
0.0227032134452017
-0.206360063261203
-0.0229178072816863
0.520463813489687
0.000958701419228335
-0.720382490116914
-0.0160067875776834
0.817752609956662
-0.0124537207824243
0.200958795321035
0.010076915806671
2.0537889736918
-0.0922871273893865
0.652205690150464
0.116887069380222
-0.831350799264632
-0.000887795016041833

0 0 1

-0.0612044211934075
-0.78448825934016
0.0167362653221788
0.00582986615239022
-0.0242584639053471
4.46260357643195
0.115274519005162
-0.0607345656247161
-0.046721225254034
-0.722503615055825
0.0317133134122819
0.142025000287036
-0.0167018900858196
-0.27221501052173
0.00395924156594526
2.31432125247469
-0.0527102690334212
-0.790566764364817
0.0183312060533696
2.69942870672044
-0.0843770777552157
1.04213915406519
0.116797668462422
-0.810483949806914
-0.00611548245093778

0 0 1

-0.0307186057216822
4.19312999714515
0.123928509293698
-0.763644305662729
-0.0200730461412309
-0.0725268781023768
0.00283056325220195
1.18814912555458
-0.0275020009195715
0.202570708884362
0.0175019261749667
0.32589478969282
-0.031377188831046
-0.747710420525156
-0.0374172170722715
0.120512246350669
0.0338881377674621
2.19526201386724
-0.0825147172371317
0.057971783003582
0.083996127820829
-0.725750714609308
-0.00897969807391993
0.146644906763831
0.0210609731247312

0 0 1

0.0990344993812083
-0.286526911717096
-0.0310532286838543
-0.652856184997113
0.0101982189026141
0.0547878950389757
-0.0104701213758514
0.00736581197985033
0.0207176727234726
0.160696467531789
-0.0351126411480396
-0.260378111335837
0.00420008311743432
-0.0424164489055675
-0.00352652155536781
-0.475959402890034
0.00672896370424372
9.06111009263618
-0.106548815490349
-0.693617686012782
0.0297426073288142
0.541972954040997
0.0711856321702006
-0.576454243163227
-0.0032953624453371

1 0 0

0.0315028428367534
-0.213295386365141
-0.0300371551579435
4.25577619801424
0.110651712299935
-0.763830276604478
-0.0190849981470874
-0.153984339492572
0.00979255748458775
1.49274860626273
-0.043607283611025
0.59388864157456
0.032926438948061
-0.579693394801059
-0.041938690755413
-0.45856823012181
0.020222982867513
1.05527553530577
-0.0400008805917576
1.43264315503029
-0.06449881899695
-0.392509576461591
0.113358696291648
-0.652944480043376
-0.00823887905448847

0 1 0

-0.0208467573816473
-0.138057817413076
0.0150195486393373
0.184974010777023
-0.0203399310984834
-0.134764019684756
0.0057831471220518
0.167812567693086
-0.0168755321985499
0.224557489626266
0.0227032134452017
-0.206360063261203
-0.0229178072816863
0.520463813489687
0.000958701419228335
-0.720382490116914
-0.0160067875776834
0.817752609956662
-0.0124537207824243
0.200958795321035
0.010076915806671
2.0537889736918
-0.0922871273893865
0.320289874060594
0.100614575049824

0 1 0

0.0661326847269984
2.12672447336457
-0.0612044211934075
-0.78448825934016
0.0167362653221788
0.00582986615239022
-0.0242584639053471
4.46260357643195
0.115274519005162
-0.0607345656247161
-0.046721225254034
-0.722503615055825
0.0317133134122819
0.142025000287036
-0.0167018900858196
-0.27221501052173
0.00395924156594526
2.31432125247469
-0.0527102690334212
-0.790566764364817
0.0183312060533696
2.69942870672044
-0.0843770777552157
0.68390518875082
0.109227040340703

1 0 0

-0.0810992395719267
-0.851851727859022
0.0417188924339108
0.908763754003852
-0.0307186057216822
4.19312999714515
0.123928509293698
-0.763644305662729
-0.0200730461412309
-0.0725268781023768
0.00283056325220195
1.18814912555458
-0.0275020009195715
0.202570708884362
0.0175019261749667
0.32589478969282
-0.031377188831046
-0.747710420525156
-0.0374172170722715
0.120512246350669
0.0338881377674621
2.19526201386724
-0.0825147172371317
0.057971783003582
0.083996127820829

0 1 0

-0.00239986682819915
3.86302727967213
0.0990344993812083
-0.286526911717096
-0.0310532286838543
-0.652856184997113
0.0101982189026141
0.0547878950389757
-0.0104701213758514
0.00736581197985033
0.0207176727234726
0.160696467531789
-0.0351126411480396
-0.260378111335837
0.00420008311743432
-0.0424164489055675
-0.00352652155536781
-0.475959402890034
0.00672896370424372
9.06111009263618
-0.106548815490349
-0.693617686012782
0.0297426073288142
-0.467659821238662
0.0531876833544017

0 0 1

-0.0469064992061085
-0.558680535998912
0.0315028428367534
-0.213295386365141
-0.0300371551579435
4.25577619801424
0.110651712299935
-0.763830276604478
-0.0190849981470874
-0.153984339492572
0.00979255748458775
1.49274860626273
-0.043607283611025
0.59388864157456
0.032926438948061
-0.579693394801059
-0.041938690755413
-0.45856823012181
0.020222982867513
1.05527553530577
-0.0400008805917576
1.43264315503029
-0.06449881899695
-0.764419326105253
0.0851048183083952

0 1 0

-0.0208467573816473
-0.138057817413076
0.0150195486393373
0.184974010777023
-0.0203399310984834
-0.134764019684756
0.0057831471220518
0.167812567693086
-0.0168755321985499
0.224557489626266
0.0227032134452017
-0.206360063261203
-0.0229178072816863
0.520463813489687
0.000958701419228335
-0.720382490116914
-0.0160067875776834
0.817752609956662
-0.0124537207824243
0.200958795321035
0.010076915806671
2.0537889736918
-0.0922871273893865
-0.470602803739417
0.0572752530458772

0 0 1

0.0273031756722701
0.925778079830662
-0.0469064992061085
-0.558680535998912
0.0315028428367534
-0.213295386365141
-0.0300371551579435
4.25577619801424
0.110651712299935
-0.763830276604478
-0.0190849981470874
-0.153984339492572
0.00979255748458775
1.49274860626273
-0.043607283611025
0.59388864157456
0.032926438948061
-0.579693394801059
-0.041938690755413
-0.45856823012181
0.020222982867513
1.05527553530577
-0.0400008805917576
1.43264315503029
-0.06449881899695

0 1 0

-0.0208467573816473
-0.138057817413076
0.0150195486393373
0.184974010777023
-0.0203399310984834
-0.134764019684756
0.0057831471220518
0.167812567693086
-0.0168755321985499
0.224557489626266
0.0227032134452017
-0.206360063261203
-0.0229178072816863
0.520463813489687
0.000958701419228335
-0.720382490116914
-0.0160067875776834
0.817752609956662
-0.0124537207824243
0.200958795321035
0.010076915806671
2.0537889736918
-0.0922871273893865
-0.700275512208421
0.0168664526453234

0 0 1

0.0661326847269984
2.12672447336457
-0.0612044211934075
-0.78448825934016
0.0167362653221788
0.00582986615239022
-0.0242584639053471
4.46260357643195
0.115274519005162
-0.0607345656247161
-0.046721225254034
-0.722503615055825
0.0317133134122819
0.142025000287036
-0.0167018900858196
-0.27221501052173
0.00395924156594526
2.31432125247469
-0.0527102690334212
-0.790566764364817
0.0183312060533696
2.69942870672044
-0.0843770777552157
-0.650898521593563
0.0166573444415006

0 1 0

0.0504046486476579
0.380595039422171
-0.0810992395719267
-0.851851727859022
0.0417188924339108
0.908763754003852
-0.0307186057216822
4.19312999714515
0.123928509293698
-0.763644305662729
-0.0200730461412309
-0.0725268781023768
0.00283056325220195
1.18814912555458
-0.0275020009195715
0.202570708884362
0.0175019261749667
0.32589478969282
-0.031377188831046
-0.747710420525156
-0.0374172170722715
0.120512246350669
0.0338881377674621
2.19526201386724
-0.0825147172371317

0 0 1

-0.0514871767702858
-0.888261884383851
0.00661419375258914
1.37776513602797
-0.00239986682819915
3.86302727967213
0.0990344993812083
-0.286526911717096
-0.0310532286838543
-0.652856184997113
0.0101982189026141
0.0547878950389757
-0.0104701213758514
0.00736581197985033
0.0207176727234726
0.160696467531789
-0.0351126411480396
-0.260378111335837
0.00420008311743432
-0.0424164489055675
-0.00352652155536781
-0.475959402890034
0.00672896370424372
9.06111009263618
-0.106548815490349

0 0 1

0.0273031756722701
0.925778079830662
-0.0469064992061085
-0.558680535998912
0.0315028428367534
-0.213295386365141
-0.0300371551579435
4.25577619801424
0.110651712299935
-0.763830276604478
-0.0190849981470874
-0.153984339492572
0.00979255748458775
1.49274860626273
-0.043607283611025
0.59388864157456
0.032926438948061
-0.579693394801059
-0.041938690755413
-0.45856823012181
0.020222982867513
1.05527553530577
-0.0400008805917576
0.374704300042208
-0.0369665420689339

0 0 1

0.107247444601955
-0.744879844346599
-0.0208467573816473
-0.138057817413076
0.0150195486393373
0.184974010777023
-0.0203399310984834
-0.134764019684756
0.0057831471220518
0.167812567693086
-0.0168755321985499
0.224557489626266
0.0227032134452017
-0.206360063261203
-0.0229178072816863
0.520463813489687
0.000958701419228335
-0.720382490116914
-0.0160067875776834
0.817752609956662
-0.0124537207824243
0.200958795321035
0.010076915806671
1.15095688130929
-0.0816780287840308

0 0 1

-0.0794985181150251
-0.145954303053179
0.0661326847269984
2.12672447336457
-0.0612044211934075
-0.78448825934016
0.0167362653221788
0.00582986615239022
-0.0242584639053471
4.46260357643195
0.115274519005162
-0.0607345656247161
-0.046721225254034
-0.722503615055825
0.0317133134122819
0.142025000287036
-0.0167018900858196
-0.27221501052173
0.00395924156594526
2.31432125247469
-0.0527102690334212
-0.790566764364817
0.0183312060533696
1.34256405950656
-0.047723229527934

0 0 1

0.0504046486476579
0.380595039422171
-0.0810992395719267
-0.851851727859022
0.0417188924339108
0.908763754003852
-0.0307186057216822
4.19312999714515
0.123928509293698
-0.763644305662729
-0.0200730461412309
-0.0725268781023768
0.00283056325220195
1.18814912555458
-0.0275020009195715
0.202570708884362
0.0175019261749667
0.32589478969282
-0.031377188831046
-0.747710420525156
-0.0374172170722715
0.120512246350669
0.0338881377674621
0.347449158368096
-0.0461712867707772

0 0 1

-0.0514871767702858
-0.888261884383851
0.00661419375258914
1.37776513602797
-0.00239986682819915
3.86302727967213
0.0990344993812083
-0.286526911717096
-0.0310532286838543
-0.652856184997113
0.0101982189026141
0.0547878950389757
-0.0104701213758514
0.00736581197985033
0.0207176727234726
0.160696467531789
-0.0351126411480396
-0.260378111335837
0.00420008311743432
-0.0424164489055675
-0.00352652155536781
-0.475959402890034
0.00672896370424372
5.40149330660946
-0.0399547086343249

0 0 1

0.0273031756722701
0.925778079830662
-0.0469064992061085
-0.558680535998912
0.0315028428367534
-0.213295386365141
-0.0300371551579435
4.25577619801424
0.110651712299935
-0.763830276604478
-0.0190849981470874
-0.153984339492572
0.00979255748458775
1.49274860626273
-0.043607283611025
0.59388864157456
0.032926438948061
-0.579693394801059
-0.041938690755413
-0.45856823012181
0.020222982867513
1.05527553530577
-0.0400008805917576
-0.686763451550264
-0.00550370353383631

0 0 1

0.107247444601955
-0.744879844346599
-0.0208467573816473
-0.138057817413076
0.0150195486393373
0.184974010777023
-0.0203399310984834
-0.134764019684756
0.0057831471220518
0.167812567693086
-0.0168755321985499
0.224557489626266
0.0227032134452017
-0.206360063261203
-0.0229178072816863
0.520463813489687
0.000958701419228335
-0.720382490116914
-0.0160067875776834
0.817752609956662
-0.0124537207824243
0.200958795321035
0.010076915806671
-0.551524907742021
-0.0152475159292431

0 0 1

-0.0837735025150525
-0.135686832872257
0.0504046486476579
0.380595039422171
-0.0810992395719267
-0.851851727859022
0.0417188924339108
0.908763754003852
-0.0307186057216822
4.19312999714515
0.123928509293698
-0.763644305662729
-0.0200730461412309
-0.0725268781023768
0.00283056325220195
1.18814912555458
-0.0275020009195715
0.202570708884362
0.0175019261749667
0.32589478969282
-0.031377188831046
-0.747710420525156
-0.0374172170722715
0.120512246350669
0.0338881377674621

0 1 0

-0.0514871767702858
-0.888261884383851
0.00661419375258914
1.37776513602797
-0.00239986682819915
3.86302727967213
0.0990344993812083
-0.286526911717096
-0.0310532286838543
-0.652856184997113
0.0101982189026141
0.0547878950389757
-0.0104701213758514
0.00736581197985033
0.0207176727234726
0.160696467531789
-0.0351126411480396
-0.260378111335837
0.00420008311743432
-0.0424164489055675
-0.00352652155536781
-0.475959402890034
0.00672896370424372
2.7279190993293
-0.0302600742567739

0 0 1

-0.0895768937166025
-0.642950224801055
0.0273031756722701
0.925778079830662
-0.0469064992061085
-0.558680535998912
0.0315028428367534
-0.213295386365141
-0.0300371551579435
4.25577619801424
0.110651712299935
-0.763830276604478
-0.0190849981470874
-0.153984339492572
0.00979255748458775
1.49274860626273
-0.043607283611025
0.59388864157456
0.032926438948061
-0.579693394801059
-0.041938690755413
-0.45856823012181
0.020222982867513
0.0931569423468833
-0.0400008805917576

0 0 1

0.0249523872534887
1.08314236059252
-0.0112272515595966
2.59014841075574
0.107247444601955
-0.744879844346599
-0.0208467573816473
-0.138057817413076
0.0150195486393373
0.184974010777023
-0.0203399310984834
-0.134764019684756
0.0057831471220518
0.167812567693086
-0.0168755321985499
0.224557489626266
0.0227032134452017
-0.206360063261203
-0.0229178072816863
0.520463813489687
0.000958701419228335
-0.720382490116914
-0.0160067875776834
0.817752609956662
-0.0124537207824243

0 1 0

-0.016984480065204
-0.162402758028799
0.00683171609080729
0.337741491437932
-0.0794985181150251
-0.145954303053179
0.0661326847269984
2.12672447336457
-0.0612044211934075
-0.78448825934016
0.0167362653221788
0.00582986615239022
-0.0242584639053471
4.46260357643195
0.115274519005162
-0.0607345656247161
-0.046721225254034
-0.722503615055825
0.0317133134122819
0.142025000287036
-0.0167018900858196
-0.27221501052173
0.00395924156594526
1.39657897568939
-0.0265003120232978

1 0 0

-0.0655999858639761
4.20173703331008
0.125963256777073
-0.671978047953878
-0.0837735025150525
-0.135686832872257
0.0504046486476579
0.380595039422171
-0.0810992395719267
-0.851851727859022
0.0417188924339108
0.908763754003852
-0.0307186057216822
4.19312999714515
0.123928509293698
-0.763644305662729
-0.0200730461412309
-0.0725268781023768
0.00283056325220195
1.18814912555458
-0.0275020009195715
0.202570708884362
0.0175019261749667
0.32589478969282
-0.031377188831046

1 0 0

0.0462612246406268
1.79796081728962
-0.0514871767702858
-0.888261884383851
0.00661419375258914
1.37776513602797
-0.00239986682819915
3.86302727967213
0.0990344993812083
-0.286526911717096
-0.0310532286838543
-0.652856184997113
0.0101982189026141
0.0547878950389757
-0.0104701213758514
0.00736581197985033
0.0207176727234726
0.160696467531789
-0.0351126411480396
-0.260378111335837
0.00420008311743432
-0.0424164489055675
-0.00352652155536781
-0.475959402890034
0.00672896370424372

0 1 0

-0.0853851742277696
0.969818322700429
0.147106955556406
-0.418176724609426
-0.0895768937166025
-0.642950224801055
0.0273031756722701
0.925778079830662
-0.0469064992061085
-0.558680535998912
0.0315028428367534
-0.213295386365141
-0.0300371551579435
4.25577619801424
0.110651712299935
-0.763830276604478
-0.0190849981470874
-0.153984339492572
0.00979255748458775
1.49274860626273
-0.043607283611025
0.59388864157456
0.032926438948061
-0.579693394801059
-0.041938690755413

1 0 0

-0.016984480065204
-0.162402758028799
0.00683171609080729
0.337741491437932
-0.0794985181150251
-0.145954303053179
0.0661326847269984
2.12672447336457
-0.0612044211934075
-0.78448825934016
0.0167362653221788
0.00582986615239022
-0.0242584639053471
4.46260357643195
0.115274519005162
-0.0607345656247161
-0.046721225254034
-0.722503615055825
0.0317133134122819
0.142025000287036
-0.0167018900858196
-0.27221501052173
0.00395924156594526
0.0544461154859174
-0.0218676327832478

1 0 0

-0.0655999858639761
4.20173703331008
0.125963256777073
-0.671978047953878
-0.0837735025150525
-0.135686832872257
0.0504046486476579
0.380595039422171
-0.0810992395719267
-0.851851727859022
0.0417188924339108
0.908763754003852
-0.0307186057216822
4.19312999714515
0.123928509293698
-0.763644305662729
-0.0200730461412309
-0.0725268781023768
0.00283056325220195
1.18814912555458
-0.0275020009195715
0.202570708884362
0.0175019261749667
-0.217954464068521
-0.0100374306242741

1 0 0

0.00214993620108024
0.428306805690583
-0.0560226043883211
-0.142323361156032
0.0462612246406268
1.79796081728962
-0.0514871767702858
-0.888261884383851
0.00661419375258914
1.37776513602797
-0.00239986682819915
3.86302727967213
0.0990344993812083
-0.286526911717096
-0.0310532286838543
-0.652856184997113
0.0101982189026141
0.0547878950389757
-0.0104701213758514
0.00736581197985033
0.0207176727234726
0.160696467531789
-0.0351126411480396
-0.260378111335837
0.00420008311743432

0 1 0

0.0405530331665066
1.33510438645007
-0.0853851742277696
0.969818322700429
0.147106955556406
-0.418176724609426
-0.0895768937166025
-0.642950224801055
0.0273031756722701
0.925778079830662
-0.0469064992061085
-0.558680535998912
0.0315028428367534
-0.213295386365141
-0.0300371551579435
4.25577619801424
0.110651712299935
-0.763830276604478
-0.0190849981470874
-0.153984339492572
0.00979255748458775
1.49274860626273
-0.043607283611025
0.59388864157456
0.032926438948061

1 0 0

-0.084191101780998
-0.47277465376053
0.0434883076069877
1.14686176787691
-0.0628327206696487
-0.779514309960056
0.0249523872534887
1.08314236059252
-0.0112272515595966
2.59014841075574
0.107247444601955
-0.744879844346599
-0.0208467573816473
-0.138057817413076
0.0150195486393373
0.184974010777023
-0.0203399310984834
-0.134764019684756
0.0057831471220518
0.167812567693086
-0.0168755321985499
0.224557489626266
0.0227032134452017
-0.206360063261203
-0.0229178072816863

1 0 0

-0.00925042626205956
0.917080535201133
0.0263417014490986
-0.430405786781546
-0.016984480065204
-0.162402758028799
0.00683171609080729
0.337741491437932
-0.0794985181150251
-0.145954303053179
0.0661326847269984
2.12672447336457
-0.0612044211934075
-0.78448825934016
0.0167362653221788
0.00582986615239022
-0.0242584639053471
4.46260357643195
0.115274519005162
-0.0607345656247161
-0.046721225254034
-0.722503615055825
0.0317133134122819
0.142025000287036
-0.0167018900858196

1 0 0

0.0375089372467779
0.0897726418642161
-0.0655999858639761
4.20173703331008
0.125963256777073
-0.671978047953878
-0.0837735025150525
-0.135686832872257
0.0504046486476579
0.380595039422171
-0.0810992395719267
-0.851851727859022
0.0417188924339108
0.908763754003852
-0.0307186057216822
4.19312999714515
0.123928509293698
-0.763644305662729
-0.0200730461412309
-0.0725268781023768
0.00283056325220195
1.18814912555458
-0.0275020009195715
0.202570708884362
0.0175019261749667

1 0 0

0.0866436552974901
0.824106727974801
-0.0522566697865502
-0.57276170073084
0.00214993620108024
0.428306805690583
-0.0560226043883211
-0.142323361156032
0.0462612246406268
1.79796081728962
-0.0514871767702858
-0.888261884383851
0.00661419375258914
1.37776513602797
-0.00239986682819915
3.86302727967213
0.0990344993812083
-0.286526911717096
-0.0310532286838543
-0.652856184997113
0.0101982189026141
0.0547878950389757
-0.0104701213758514
0.00736581197985033
0.0207176727234726

0 1 0

0.0405530331665066
1.33510438645007
-0.0853851742277696
0.969818322700429
0.147106955556406
-0.418176724609426
-0.0895768937166025
-0.642950224801055
0.0273031756722701
0.925778079830662
-0.0469064992061085
-0.558680535998912
0.0315028428367534
-0.213295386365141
-0.0300371551579435
4.25577619801424
0.110651712299935
-0.763830276604478
-0.0190849981470874
-0.153984339492572
0.00979255748458775
1.49274860626273
-0.043607283611025
-0.52032827709816
0.0216797951599424

1 0 0

0.146614126011907
-0.697041229043062
-0.0193334163449966
0.113334842850646
-0.084191101780998
-0.47277465376053
0.0434883076069877
1.14686176787691
-0.0628327206696487
-0.779514309960056
0.0249523872534887
1.08314236059252
-0.0112272515595966
2.59014841075574
0.107247444601955
-0.744879844346599
-0.0208467573816473
-0.138057817413076
0.0150195486393373
0.184974010777023
-0.0203399310984834
-0.134764019684756
0.0057831471220518
0.167812567693086
-0.0168755321985499

1 0 0

-0.0629049522686065
-0.523964418278345
0.0800887699487616
-0.2382589661494
-0.00925042626205956
0.917080535201133
0.0263417014490986
-0.430405786781546
-0.016984480065204
-0.162402758028799
0.00683171609080729
0.337741491437932
-0.0794985181150251
-0.145954303053179
0.0661326847269984
2.12672447336457
-0.0612044211934075
-0.78448825934016
0.0167362653221788
0.00582986615239022
-0.0242584639053471
4.46260357643195
0.115274519005162
-0.0607345656247161
-0.046721225254034

0 1 0

-0.0724916149820821
-0.456400874207553
0.0375089372467779
0.0897726418642161
-0.0655999858639761
4.20173703331008
0.125963256777073
-0.671978047953878
-0.0837735025150525
-0.135686832872257
0.0504046486476579
0.380595039422171
-0.0810992395719267
-0.851851727859022
0.0417188924339108
0.908763754003852
-0.0307186057216822
4.19312999714515
0.123928509293698
-0.763644305662729
-0.0200730461412309
-0.0725268781023768
0.00283056325220195
1.18814912555458
-0.0275020009195715

0 1 0

0.0456224951340607
-0.208668942920227
-0.0221481944358877
0.0899434256752597
0.0866436552974901
0.824106727974801
-0.0522566697865502
-0.57276170073084
0.00214993620108024
0.428306805690583
-0.0560226043883211
-0.142323361156032
0.0462612246406268
1.79796081728962
-0.0514871767702858
-0.888261884383851
0.00661419375258914
1.37776513602797
-0.00239986682819915
3.86302727967213
0.0990344993812083
-0.286526911717096
-0.0310532286838543
-0.652856184997113
0.0101982189026141

0 1 0

-0.0816594525646656
-0.480580278953168
0.0405530331665066
1.33510438645007
-0.0853851742277696
0.969818322700429
0.147106955556406
-0.418176724609426
-0.0895768937166025
-0.642950224801055
0.0273031756722701
0.925778079830662
-0.0469064992061085
-0.558680535998912
0.0315028428367534
-0.213295386365141
-0.0300371551579435
4.25577619801424
0.110651712299935
-0.763830276604478
-0.0190849981470874
-0.153984339492572
0.00979255748458775
0.277852732364624
-0.0139575618694545

0 1 0

0.0221368410754468
-0.0329238236476454
-0.0858334928562727
3.87373876588512
0.146614126011907
-0.697041229043062
-0.0193334163449966
0.113334842850646
-0.084191101780998
-0.47277465376053
0.0434883076069877
1.14686176787691
-0.0628327206696487
-0.779514309960056
0.0249523872534887
1.08314236059252
-0.0112272515595966
2.59014841075574
0.107247444601955
-0.744879844346599
-0.0208467573816473
-0.138057817413076
0.0150195486393373
0.184974010777023
-0.0203399310984834

0 1 0

-0.0629049522686065
-0.523964418278345
0.0800887699487616
-0.2382589661494
-0.00925042626205956
0.917080535201133
0.0263417014490986
-0.430405786781546
-0.016984480065204
-0.162402758028799
0.00683171609080729
0.337741491437932
-0.0794985181150251
-0.145954303053179
0.0661326847269984
2.12672447336457
-0.0612044211934075
-0.78448825934016
0.0167362653221788
0.00582986615239022
-0.0242584639053471
4.46260357643195
0.115274519005162
-0.555194261925988
-0.0203185155576126

0 0 1

0.0207498947752093
1.50531337573411
-0.0724916149820821
-0.456400874207553
0.0375089372467779
0.0897726418642161
-0.0655999858639761
4.20173703331008
0.125963256777073
-0.671978047953878
-0.0837735025150525
-0.135686832872257
0.0504046486476579
0.380595039422171
-0.0810992395719267
-0.851851727859022
0.0417188924339108
0.908763754003852
-0.0307186057216822
4.19312999714515
0.123928509293698
-0.763644305662729
-0.0200730461412309
-0.0725268781023768
0.00283056325220195

0 1 0

-0.00706345689052557
-0.0427130948113147
0.0456224951340607
-0.208668942920227
-0.0221481944358877
0.0899434256752597
0.0866436552974901
0.824106727974801
-0.0522566697865502
-0.57276170073084
0.00214993620108024
0.428306805690583
-0.0560226043883211
-0.142323361156032
0.0462612246406268
1.79796081728962
-0.0514871767702858
-0.888261884383851
0.00661419375258914
1.37776513602797
-0.00239986682819915
3.86302727967213
0.0990344993812083
-0.522092026379833
-0.0218296226629947

0 1 0

-0.0370388985922454
-0.232498461302053
0.0400555009438641
1.5252594643366
-0.0816594525646656
-0.480580278953168
0.0405530331665066
1.33510438645007
-0.0853851742277696
0.969818322700429
0.147106955556406
-0.418176724609426
-0.0895768937166025
-0.642950224801055
0.0273031756722701
0.925778079830662
-0.0469064992061085
-0.558680535998912
0.0315028428367534
-0.213295386365141
-0.0300371551579435
4.25577619801424
0.110651712299935
-0.763830276604478
-0.0190849981470874

1 0 0

0.0476602734860593
-0.530078010195295
-0.0470431189744677
0.334952659498453
0.0221368410754468
-0.0329238236476454
-0.0858334928562727
3.87373876588512
0.146614126011907
-0.697041229043062
-0.0193334163449966
0.113334842850646
-0.084191101780998
-0.47277465376053
0.0434883076069877
1.14686176787691
-0.0628327206696487
-0.779514309960056
0.0249523872534887
1.08314236059252
-0.0112272515595966
2.59014841075574
0.107247444601955
-0.744879844346599
-0.0208467573816473

1 0 0

0.0355943859776127
1.4157638077348
-0.0629049522686065
-0.523964418278345
0.0800887699487616
-0.2382589661494
-0.00925042626205956
0.917080535201133
0.0263417014490986
-0.430405786781546
-0.016984480065204
-0.162402758028799
0.00683171609080729
0.337741491437932
-0.0794985181150251
-0.145954303053179
0.0661326847269984
2.12672447336457
-0.0612044211934075
-0.78448825934016
0.0167362653221788
0.00582986615239022
-0.0242584639053471
4.46260357643195
0.115274519005162

0 1 0

0.0219496425194437
3.91978366069654
-0.157186220011703
-0.830465970130732
0.0207498947752093
1.50531337573411
-0.0724916149820821
-0.456400874207553
0.0375089372467779
0.0897726418642161
-0.0655999858639761
4.20173703331008
0.125963256777073
-0.671978047953878
-0.0837735025150525
-0.135686832872257
0.0504046486476579
0.380595039422171
-0.0810992395719267
-0.851851727859022
0.0417188924339108
0.908763754003852
-0.0307186057216822
4.19312999714515
0.123928509293698

1 0 0

0.0311794775152528
-0.079987093062424
-0.00706345689052557
-0.0427130948113147
0.0456224951340607
-0.208668942920227
-0.0221481944358877
0.0899434256752597
0.0866436552974901
0.824106727974801
-0.0522566697865502
-0.57276170073084
0.00214993620108024
0.428306805690583
-0.0560226043883211
-0.142323361156032
0.0462612246406268
1.79796081728962
-0.0514871767702858
-0.888261884383851
0.00661419375258914
1.37776513602797
-0.00239986682819915
3.86302727967213
0.0990344993812083

1 0 0

0.0319907671559727
-0.234115930848652
-0.0370388985922454
-0.232498461302053
0.0400555009438641
1.5252594643366
-0.0816594525646656
-0.480580278953168
0.0405530331665066
1.33510438645007
-0.0853851742277696
0.969818322700429
0.147106955556406
-0.418176724609426
-0.0895768937166025
-0.642950224801055
0.0273031756722701
0.925778079830662
-0.0469064992061085
-0.558680535998912
0.0315028428367534
-0.213295386365141
-0.0300371551579435
3.07335741896288
0.0907879105357194

1 0 0

-0.199388629214282
-0.752870293137072
0.0476602734860593
-0.530078010195295
-0.0470431189744677
0.334952659498453
0.0221368410754468
-0.0329238236476454
-0.0858334928562727
3.87373876588512
0.146614126011907
-0.697041229043062
-0.0193334163449966
0.113334842850646
-0.084191101780998
-0.47277465376053
0.0434883076069877
1.14686176787691
-0.0628327206696487
-0.779514309960056
0.0249523872534887
1.08314236059252
-0.0112272515595966
1.70332552476206
0.0754914944415429

0 1 0

0.0355943859776127
1.4157638077348
-0.0629049522686065
-0.523964418278345
0.0800887699487616
-0.2382589661494
-0.00925042626205956
0.917080535201133
0.0263417014490986
-0.430405786781546
-0.016984480065204
-0.162402758028799
0.00683171609080729
0.337741491437932
-0.0794985181150251
-0.145954303053179
0.0661326847269984
2.12672447336457
-0.0612044211934075
-0.78448825934016
0.0167362653221788
0.00582986615239022
-0.0242584639053471
1.7041714471958
0.0572454246832472

0 1 0

0.0219496425194437
3.91978366069654
-0.157186220011703
-0.830465970130732
0.0207498947752093
1.50531337573411
-0.0724916149820821
-0.456400874207553
0.0375089372467779
0.0897726418642161
-0.0655999858639761
4.20173703331008
0.125963256777073
-0.671978047953878
-0.0837735025150525
-0.135686832872257
0.0504046486476579
0.380595039422171
-0.0810992395719267
-0.851851727859022
0.0417188924339108
0.908763754003852
-0.0307186057216822
1.72567370591494
0.0653779781916669

0 1 0

0.0311794775152528
-0.079987093062424
-0.00706345689052557
-0.0427130948113147
0.0456224951340607
-0.208668942920227
-0.0221481944358877
0.0899434256752597
0.0866436552974901
0.824106727974801
-0.0522566697865502
-0.57276170073084
0.00214993620108024
0.428306805690583
-0.0560226043883211
-0.142323361156032
0.0462612246406268
1.79796081728962
-0.0514871767702858
-0.888261884383851
0.00661419375258914
1.37776513602797
-0.00239986682819915
1.42973881231012
0.0403025822390531

0 1 0

0.0319907671559727
-0.234115930848652
-0.0370388985922454
-0.232498461302053
0.0400555009438641
1.5252594643366
-0.0816594525646656
-0.480580278953168
0.0405530331665066
1.33510438645007
-0.0853851742277696
0.969818322700429
0.147106955556406
-0.418176724609426
-0.0895768937166025
-0.642950224801055
0.0273031756722701
0.925778079830662
-0.0469064992061085
-0.558680535998912
0.0315028428367534
-0.213295386365141
-0.0300371551579435
0.388479800199658
0.0326510949178227

0 1 0

-0.199388629214282
-0.752870293137072
0.0476602734860593
-0.530078010195295
-0.0470431189744677
0.334952659498453
0.0221368410754468
-0.0329238236476454
-0.0858334928562727
3.87373876588512
0.146614126011907
-0.697041229043062
-0.0193334163449966
0.113334842850646
-0.084191101780998
-0.47277465376053
0.0434883076069877
1.14686176787691
-0.0628327206696487
-0.779514309960056
0.0249523872534887
1.08314236059252
-0.0112272515595966
-0.20045175812984
0.0102122659106171

0 1 0

-0.0982353781186887
-0.441915481507642
0.0355943859776127
1.4157638077348
-0.0629049522686065
-0.523964418278345
0.0800887699487616
-0.2382589661494
-0.00925042626205956
0.917080535201133
0.0263417014490986
-0.430405786781546
-0.016984480065204
-0.162402758028799
0.00683171609080729
0.337741491437932
-0.0794985181150251
-0.145954303053179
0.0661326847269984
2.12672447336457
-0.0612044211934075
-0.78448825934016
0.0167362653221788
0.00582986615239022
-0.0242584639053471

0 1 0

-0.0458178057521887
-0.431707386518293
0.0219496425194437
3.91978366069654
-0.157186220011703
-0.830465970130732
0.0207498947752093
1.50531337573411
-0.0724916149820821
-0.456400874207553
0.0375089372467779
0.0897726418642161
-0.0655999858639761
4.20173703331008
0.125963256777073
-0.671978047953878
-0.0837735025150525
-0.135686832872257
0.0504046486476579
0.380595039422171
-0.0810992395719267
-0.851851727859022
0.0417188924339108
0.908763754003852
-0.0307186057216822

0 1 0

0.0648572558186012
0.904920309847821
-0.0982353781186887
-0.441915481507642
0.0355943859776127
1.4157638077348
-0.0629049522686065
-0.523964418278345
0.0800887699487616
-0.2382589661494
-0.00925042626205956
0.917080535201133
0.0263417014490986
-0.430405786781546
-0.016984480065204
-0.162402758028799
0.00683171609080729
0.337741491437932
-0.0794985181150251
-0.145954303053179
0.0661326847269984
2.12672447336457
-0.0612044211934075
-0.78448825934016
0.0167362653221788

0 0 1

0.00572775071910718
0.950403126540997
-0.0458178057521887
-0.431707386518293
0.0219496425194437
3.91978366069654
-0.157186220011703
-0.830465970130732
0.0207498947752093
1.50531337573411
-0.0724916149820821
-0.456400874207553
0.0375089372467779
0.0897726418642161
-0.0655999858639761
4.20173703331008
0.125963256777073
-0.671978047953878
-0.0837735025150525
-0.135686832872257
0.0504046486476579
0.380595039422171
-0.0810992395719267
-0.851851727859022
0.0417188924339108

0 0 1

0.0738844835024081
0.651521807209729
-0.120966272404996
-0.572040317293691
0.0311794775152528
-0.079987093062424
-0.00706345689052557
-0.0427130948113147
0.0456224951340607
-0.208668942920227
-0.0221481944358877
0.0899434256752597
0.0866436552974901
0.824106727974801
-0.0522566697865502
-0.57276170073084
0.00214993620108024
0.428306805690583
-0.0560226043883211
-0.142323361156032
0.0462612246406268
1.79796081728962
-0.0514871767702858
-0.888261884383851
0.00661419375258914

0 0 1

0.0148542182697186
1.91848318588048
-0.149624706859668
-0.447685333249359
0.0319907671559727
-0.234115930848652
-0.0370388985922454
-0.232498461302053
0.0400555009438641
1.5252594643366
-0.0816594525646656
-0.480580278953168
0.0405530331665066
1.33510438645007
-0.0853851742277696
0.969818322700429
0.147106955556406
-0.418176724609426
-0.0895768937166025
-0.642950224801055
0.0273031756722701
0.925778079830662
-0.0469064992061085
-0.84123173662221
0.0170336226865393

0 1 0

-0.202678647414258
-0.719483462579117
0.0738844835024081
0.651521807209729
-0.120966272404996
-0.572040317293691
0.0311794775152528
-0.079987093062424
-0.00706345689052557
-0.0427130948113147
0.0456224951340607
-0.208668942920227
-0.0221481944358877
0.0899434256752597
0.0866436552974901
0.824106727974801
-0.0522566697865502
-0.57276170073084
0.00214993620108024
0.428306805690583
-0.0560226043883211
-0.142323361156032
0.0462612246406268
1.79796081728962
-0.0514871767702858

0 0 1

-0.0472209782554611
-0.503165219996473
0.0148542182697186
1.91848318588048
-0.149624706859668
-0.447685333249359
0.0319907671559727
-0.234115930848652
-0.0370388985922454
-0.232498461302053
0.0400555009438641
1.5252594643366
-0.0816594525646656
-0.480580278953168
0.0405530331665066
1.33510438645007
-0.0853851742277696
0.969818322700429
0.147106955556406
-0.418176724609426
-0.0895768937166025
-0.642950224801055
0.0273031756722701
0.925778079830662
-0.0469064992061085

0 0 1

0.00980660271513529
-0.415971590234805
-0.0272696024137799
0.0654772351389216
0.00419761635357057
7.32270613698784
-0.199388629214282
-0.752870293137072
0.0476602734860593
-0.530078010195295
-0.0470431189744677
0.334952659498453
0.0221368410754468
-0.0329238236476454
-0.0858334928562727
3.87373876588512
0.146614126011907
-0.697041229043062
-0.0193334163449966
0.113334842850646
-0.084191101780998
-0.47277465376053
0.0434883076069877
1.14686176787691
-0.0628327206696487

0 0 1

-0.0358689733171366
0.0221956711431648
0.0648572558186012
0.904920309847821
-0.0982353781186887
-0.441915481507642
0.0355943859776127
1.4157638077348
-0.0629049522686065
-0.523964418278345
0.0800887699487616
-0.2382589661494
-0.00925042626205956
0.917080535201133
0.0263417014490986
-0.430405786781546
-0.016984480065204
-0.162402758028799
0.00683171609080729
0.337741491437932
-0.0794985181150251
-0.145954303053179
0.0661326847269984
0.780283367562888
-0.0498804669437561

0 1 0

-0.0289350320068543
-0.807919863004811
0.00572775071910718
0.950403126540997
-0.0458178057521887
-0.431707386518293
0.0219496425194437
3.91978366069654
-0.157186220011703
-0.830465970130732
0.0207498947752093
1.50531337573411
-0.0724916149820821
-0.456400874207553
0.0375089372467779
0.0897726418642161
-0.0655999858639761
4.20173703331008
0.125963256777073
-0.671978047953878
-0.0837735025150525
-0.135686832872257
0.0504046486476579
-0.440200274322383
-0.0511969216405701

0 0 1

-0.202678647414258
-0.719483462579117
0.0738844835024081
0.651521807209729
-0.120966272404996
-0.572040317293691
0.0311794775152528
-0.079987093062424
-0.00706345689052557
-0.0427130948113147
0.0456224951340607
-0.208668942920227
-0.0221481944358877
0.0899434256752597
0.0866436552974901
0.824106727974801
-0.0522566697865502
-0.57276170073084
0.00214993620108024
0.428306805690583
-0.0560226043883211
-0.142323361156032
0.0462612246406268
-0.0440739317231306
-0.0234875476263009

0 1 0

0.0110499024374468
0.957773318201319
-0.0472209782554611
-0.503165219996473
0.0148542182697186
1.91848318588048
-0.149624706859668
-0.447685333249359
0.0319907671559727
-0.234115930848652
-0.0370388985922454
-0.232498461302053
0.0400555009438641
1.5252594643366
-0.0816594525646656
-0.480580278953168
0.0405530331665066
1.33510438645007
-0.0853851742277696
0.969818322700429
0.147106955556406
-0.418176724609426
-0.0895768937166025
-0.642950224801055
0.0273031756722701

0 1 0

-0.0109784938033582
0.230000877914663
0.00980660271513529
-0.415971590234805
-0.0272696024137799
0.0654772351389216
0.00419761635357057
7.32270613698784
-0.199388629214282
-0.752870293137072
0.0476602734860593
-0.530078010195295
-0.0470431189744677
0.334952659498453
0.0221368410754468
-0.0329238236476454
-0.0858334928562727
3.87373876588512
0.146614126011907
-0.697041229043062
-0.0193334163449966
0.113334842850646
-0.084191101780998
-0.47277465376053
0.0434883076069877

0 1 0

0.0880692047199953
-0.213381466504257
-0.0358689733171366
0.0221956711431648
0.0648572558186012
0.904920309847821
-0.0982353781186887
-0.441915481507642
0.0355943859776127
1.4157638077348
-0.0629049522686065
-0.523964418278345
0.0800887699487616
-0.2382589661494
-0.00925042626205956
0.917080535201133
0.0263417014490986
-0.430405786781546
-0.016984480065204
-0.162402758028799
0.00683171609080729
0.337741491437932
-0.0794985181150251
-0.145954303053179
0.0661326847269984

1 0 0

0.0193701849682254
3.93447688155958
-0.0289350320068543
-0.807919863004811
0.00572775071910718
0.950403126540997
-0.0458178057521887
-0.431707386518293
0.0219496425194437
3.91978366069654
-0.157186220011703
-0.830465970130732
0.0207498947752093
1.50531337573411
-0.0724916149820821
-0.456400874207553
0.0375089372467779
0.0897726418642161
-0.0655999858639761
4.20173703331008
0.125963256777073
-0.671978047953878
-0.0837735025150525
-0.600137374940195
0.0136471537114943

1 0 0

0.0264366675409186
1.71962049158495
-0.0262322819012104
0.272124683164078
-0.202678647414258
-0.719483462579117
0.0738844835024081
0.651521807209729
-0.120966272404996
-0.572040317293691
0.0311794775152528
-0.079987093062424
-0.00706345689052557
-0.0427130948113147
0.0456224951340607
-0.208668942920227
-0.0221481944358877
0.0899434256752597
0.0866436552974901
0.824106727974801
-0.0522566697865502
-0.57276170073084
0.00214993620108024
0.428306805690583
-0.0560226043883211

1 0 0

-0.0415964953971092
-0.797983390594834
0.0110499024374468
0.957773318201319
-0.0472209782554611
-0.503165219996473
0.0148542182697186
1.91848318588048
-0.149624706859668
-0.447685333249359
0.0319907671559727
-0.234115930848652
-0.0370388985922454
-0.232498461302053
0.0400555009438641
1.5252594643366
-0.0816594525646656
-0.480580278953168
0.0405530331665066
1.33510438645007
-0.0853851742277696
0.969818322700429
0.147106955556406
-0.576609055984382
-0.0890346102024386

0 1 0

0.0217000818403087
-0.609780049316495
-0.0109784938033582
0.230000877914663
0.00980660271513529
-0.415971590234805
-0.0272696024137799
0.0654772351389216
0.00419761635357057
7.32270613698784
-0.199388629214282
-0.752870293137072
0.0476602734860593
-0.530078010195295
-0.0470431189744677
0.334952659498453
0.0221368410754468
-0.0329238236476454
-0.0858334928562727
3.87373876588512
0.146614126011907
-0.697041229043062
-0.0193334163449966
-0.495121467708899
-0.0519909257127377

0 1 0

0.00153504241845769
8.03631788042815
-0.219761384043669
-0.799552337203341
0.0880692047199953
-0.213381466504257
-0.0358689733171366
0.0221956711431648
0.0648572558186012
0.904920309847821
-0.0982353781186887
-0.441915481507642
0.0355943859776127
1.4157638077348
-0.0629049522686065
-0.523964418278345
0.0800887699487616
-0.2382589661494
-0.00925042626205956
0.917080535201133
0.0263417014490986
-0.430405786781546
-0.016984480065204
-0.162402758028799
0.00683171609080729

0 1 0

-0.0102742854733411
-0.0318467735025499
0.0193701849682254
3.93447688155958
-0.0289350320068543
-0.807919863004811
0.00572775071910718
0.950403126540997
-0.0458178057521887
-0.431707386518293
0.0219496425194437
3.91978366069654
-0.157186220011703
-0.830465970130732
0.0207498947752093
1.50531337573411
-0.0724916149820821
-0.456400874207553
0.0375089372467779
0.0897726418642161
-0.0655999858639761
4.20173703331008
0.125963256777073
-0.860925541428028
-0.0282618005928638

1 0 0

-0.0323510051316339
-0.814321869228438
0.00153504241845769
8.03631788042815
-0.219761384043669
-0.799552337203341
0.0880692047199953
-0.213381466504257
-0.0358689733171366
0.0221956711431648
0.0648572558186012
0.904920309847821
-0.0982353781186887
-0.441915481507642
0.0355943859776127
1.4157638077348
-0.0629049522686065
-0.523964418278345
0.0800887699487616
-0.2382589661494
-0.00925042626205956
0.917080535201133
0.0263417014490986
-0.430405786781546
-0.016984480065204

1 0 0

0.00368543003149377
-0.331554523715926
-0.0102742854733411
-0.0318467735025499
0.0193701849682254
3.93447688155958
-0.0289350320068543
-0.807919863004811
0.00572775071910718
0.950403126540997
-0.0458178057521887
-0.431707386518293
0.0219496425194437
3.91978366069654
-0.157186220011703
-0.830465970130732
0.0207498947752093
1.50531337573411
-0.0724916149820821
-0.456400874207553
0.0375089372467779
0.0897726418642161
-0.0655999858639761
4.20173703331008
0.125963256777073

1 0 0

0.00886526652562051
1.54969519544728
-0.0379046722725753
-0.418051117172822
0.0264366675409186
1.71962049158495
-0.0262322819012104
0.272124683164078
-0.202678647414258
-0.719483462579117
0.0738844835024081
0.651521807209729
-0.120966272404996
-0.572040317293691
0.0311794775152528
-0.079987093062424
-0.00706345689052557
-0.0427130948113147
0.0456224951340607
-0.208668942920227
-0.0221481944358877
0.0899434256752597
0.0866436552974901
-0.246594159423301
-0.00715226412437567

1 0 0

0.00368543003149377
-0.331554523715926
-0.0102742854733411
-0.0318467735025499
0.0193701849682254
3.93447688155958
-0.0289350320068543
-0.807919863004811
0.00572775071910718
0.950403126540997
-0.0458178057521887
-0.431707386518293
0.0219496425194437
3.91978366069654
-0.157186220011703
-0.830465970130732
0.0207498947752093
1.50531337573411
-0.0724916149820821
-0.456400874207553
0.0375089372467779
0.0897726418642161
-0.0655999858639761
3.51434754629878
0.12119306738779

1 0 0

-0.00754536608682289
0.24501903449332
0.00886526652562051
1.54969519544728
-0.0379046722725753
-0.418051117172822
0.0264366675409186
1.71962049158495
-0.0262322819012104
0.272124683164078
-0.202678647414258
-0.719483462579117
0.0738844835024081
0.651521807209729
-0.120966272404996
-0.572040317293691
0.0311794775152528
-0.079987093062424
-0.00706345689052557
-0.0427130948113147
0.0456224951340607
-0.208668942920227
-0.0221481944358877
0.0899434256752597
0.0866436552974901

1 0 0

0.0349078829655662
1.17471273214624
-0.0415964953971092
-0.797983390594834
0.0110499024374468
0.957773318201319
-0.0472209782554611
-0.503165219996473
0.0148542182697186
1.91848318588048
-0.149624706859668
-0.447685333249359
0.0319907671559727
-0.234115930848652
-0.0370388985922454
-0.232498461302053
0.0400555009438641
1.5252594643366
-0.0816594525646656
-0.480580278953168
0.0405530331665066
1.33510438645007
-0.0853851742277696
0.25290358040337
0.124349232477127

1 0 0

0.0610737278580002
-0.554649834222678
-0.0324419565269555
0.107678214209944
0.0217000818403087
-0.609780049316495
-0.0109784938033582
0.230000877914663
0.00980660271513529
-0.415971590234805
-0.0272696024137799
0.0654772351389216
0.00419761635357057
7.32270613698784
-0.199388629214282
-0.752870293137072
0.0476602734860593
-0.530078010195295
-0.0470431189744677
0.334952659498453
0.0221368410754468
-0.0329238236476454
-0.0858334928562727
2.98224481623356
0.0971764157184126

1 0 0

-0.0347251890916423
-0.462576315929114
0.0273986183844801
0.873384564690657
-0.0323510051316339
-0.814321869228438
0.00153504241845769
8.03631788042815
-0.219761384043669
-0.799552337203341
0.0880692047199953
-0.213381466504257
-0.0358689733171366
0.0221956711431648
0.0648572558186012
0.904920309847821
-0.0982353781186887
-0.441915481507642
0.0355943859776127
1.4157638077348
-0.0629049522686065
-0.523964418278345
0.0800887699487616
-0.2382589661494
-0.00925042626205956

0 1 0

0.00368543003149377
-0.331554523715926
-0.0102742854733411
-0.0318467735025499
0.0193701849682254
3.93447688155958
-0.0289350320068543
-0.807919863004811
0.00572775071910718
0.950403126540997
-0.0458178057521887
-0.431707386518293
0.0219496425194437
3.91978366069654
-0.157186220011703
-0.830465970130732
0.0207498947752093
1.50531337573411
-0.0724916149820821
-0.456400874207553
0.0375089372467779
0.0897726418642161
-0.0655999858639761
1.96469389786194
0.0806960978054293

1 0 0

-0.00193637821266859
0.458684671967323
0.0621604763666166
-0.685852480561041
-0.00754536608682289
0.24501903449332
0.00886526652562051
1.54969519544728
-0.0379046722725753
-0.418051117172822
0.0264366675409186
1.71962049158495
-0.0262322819012104
0.272124683164078
-0.202678647414258
-0.719483462579117
0.0738844835024081
0.651521807209729
-0.120966272404996
-0.572040317293691
0.0311794775152528
-0.079987093062424
-0.00706345689052557
-0.0427130948113147
0.0456224951340607

0 0 1

0.0349078829655662
1.17471273214624
-0.0415964953971092
-0.797983390594834
0.0110499024374468
0.957773318201319
-0.0472209782554611
-0.503165219996473
0.0148542182697186
1.91848318588048
-0.149624706859668
-0.447685333249359
0.0319907671559727
-0.234115930848652
-0.0370388985922454
-0.232498461302053
0.0400555009438641
1.5252594643366
-0.0816594525646656
-0.480580278953168
0.0405530331665066
1.33510438645007
-0.0853851742277696
-0.513563093771304
0.082317306588064

1 0 0

0.0610737278580002
-0.554649834222678
-0.0324419565269555
0.107678214209944
0.0217000818403087
-0.609780049316495
-0.0109784938033582
0.230000877914663
0.00980660271513529
-0.415971590234805
-0.0272696024137799
0.0654772351389216
0.00419761635357057
7.32270613698784
-0.199388629214282
-0.752870293137072
0.0476602734860593
-0.530078010195295
-0.0470431189744677
0.334952659498453
0.0221368410754468
-0.0329238236476454
-0.0858334928562727
1.22321270501632
0.0424132531897983

1 0 0

-0.00149921965446227
-0.185503835166724
0.000694301935836837
3.23602928836713
-0.0347251890916423
-0.462576315929114
0.0273986183844801
0.873384564690657
-0.0323510051316339
-0.814321869228438
0.00153504241845769
8.03631788042815
-0.219761384043669
-0.799552337203341
0.0880692047199953
-0.213381466504257
-0.0358689733171366
0.0221956711431648
0.0648572558186012
0.904920309847821
-0.0982353781186887
-0.441915481507642
0.0355943859776127
1.4157638077348
-0.0629049522686065

0 0 1

0.00368543003149377
-0.331554523715926
-0.0102742854733411
-0.0318467735025499
0.0193701849682254
3.93447688155958
-0.0289350320068543
-0.807919863004811
0.00572775071910718
0.950403126540997
-0.0458178057521887
-0.431707386518293
0.0219496425194437
3.91978366069654
-0.157186220011703
-0.830465970130732
0.0207498947752093
1.50531337573411
-0.0724916149820821
-0.456400874207553
0.0375089372467779
0.0897726418642161
-0.0655999858639761
0.0226009998654655
0.014816425714583

0 1 0

-0.0336170726443358
-0.0792205962541818
0.0458242960372166
0.204521690171654
-0.00193637821266859
0.458684671967323
0.0621604763666166
-0.685852480561041
-0.00754536608682289
0.24501903449332
0.00886526652562051
1.54969519544728
-0.0379046722725753
-0.418051117172822
0.0264366675409186
1.71962049158495
-0.0262322819012104
0.272124683164078
-0.202678647414258
-0.719483462579117
0.0738844835024081
0.651521807209729
-0.120966272404996
-0.572040317293691
0.0311794775152528

0 0 1

-0.0414650978462884
-0.142419864171731
0.0349078829655662
1.17471273214624
-0.0415964953971092
-0.797983390594834
0.0110499024374468
0.957773318201319
-0.0472209782554611
-0.503165219996473
0.0148542182697186
1.91848318588048
-0.149624706859668
-0.447685333249359
0.0319907671559727
-0.234115930848652
-0.0370388985922454
-0.232498461302053
0.0400555009438641
1.5252594643366
-0.0816594525646656
-0.480580278953168
0.0405530331665066
0.185715232729931
-0.0357252269206194

0 0 1

-0.0121482801614022
4.60126519522813
0.0610737278580002
-0.554649834222678
-0.0324419565269555
0.107678214209944
0.0217000818403087
-0.609780049316495
-0.0109784938033582
0.230000877914663
0.00980660271513529
-0.415971590234805
-0.0272696024137799
0.0654772351389216
0.00419761635357057
7.32270613698784
-0.199388629214282
-0.752870293137072
0.0476602734860593
-0.530078010195295
-0.0470431189744677
0.334952659498453
0.0221368410754468
-0.0329238236476454
-0.0858334928562727

0 1 0

0.0788448855828074
-0.684401277678841
-0.00149921965446227
-0.185503835166724
0.000694301935836837
3.23602928836713
-0.0347251890916423
-0.462576315929114
0.0273986183844801
0.873384564690657
-0.0323510051316339
-0.814321869228438
0.00153504241845769
8.03631788042815
-0.219761384043669
-0.799552337203341
0.0880692047199953
-0.213381466504257
-0.0358689733171366
0.0221956711431648
0.0648572558186012
0.904920309847821
-0.0982353781186887
-0.441915481507642
0.0355943859776127

0 0 1

-0.0122679979920094
0.0625321064595463
-0.0129529710725102
-0.0701822564980521
0.00368543003149377
-0.331554523715926
-0.0102742854733411
-0.0318467735025499
0.0193701849682254
3.93447688155958
-0.0289350320068543
-0.807919863004811
0.00572775071910718
0.950403126540997
-0.0458178057521887
-0.431707386518293
0.0219496425194437
3.91978366069654
-0.157186220011703
-0.830465970130732
0.0207498947752093
1.50531337573411
-0.0724916149820821
-0.456400874207553
0.0375089372467779

0 0 1

0.00322207746931144
1.13194955161692
-0.0336170726443358
-0.0792205962541818
0.0458242960372166
0.204521690171654
-0.00193637821266859
0.458684671967323
0.0621604763666166
-0.685852480561041
-0.00754536608682289
0.24501903449332
0.00886526652562051
1.54969519544728
-0.0379046722725753
-0.418051117172822
0.0264366675409186
1.71962049158495
-0.0262322819012104
0.272124683164078
-0.202678647414258
-0.719483462579117
0.0738844835024081
0.0499097541642268
-0.0541074445880132

0 1 0

-0.000944368725828664
0.225079369686661
0.0134864218220346
1.25053636827401
-0.0414650978462884
-0.142419864171731
0.0349078829655662
1.17471273214624
-0.0415964953971092
-0.797983390594834
0.0110499024374468
0.957773318201319
-0.0472209782554611
-0.503165219996473
0.0148542182697186
1.91848318588048
-0.149624706859668
-0.447685333249359
0.0319907671559727
-0.234115930848652
-0.0370388985922454
-0.232498461302053
0.0400555009438641
1.5252594643366
-0.0816594525646656

0 1 0

-0.0287382308539422
-0.0551818718035263
0.0448953081061598
-0.437266609200276
-0.0121482801614022
4.60126519522813
0.0610737278580002
-0.554649834222678
-0.0324419565269555
0.107678214209944
0.0217000818403087
-0.609780049316495
-0.0109784938033582
0.230000877914663
0.00980660271513529
-0.415971590234805
-0.0272696024137799
0.0654772351389216
0.00419761635357057
7.32270613698784
-0.199388629214282
-0.752870293137072
0.0476602734860593
-0.530078010195295
-0.0470431189744677

0 1 0

-0.0237674758206936
2.12688449542545
0.0788448855828074
-0.684401277678841
-0.00149921965446227
-0.185503835166724
0.000694301935836837
3.23602928836713
-0.0347251890916423
-0.462576315929114
0.0273986183844801
0.873384564690657
-0.0323510051316339
-0.814321869228438
0.00153504241845769
8.03631788042815
-0.219761384043669
-0.799552337203341
0.0880692047199953
-0.213381466504257
-0.0358689733171366
0.0221956711431648
0.0648572558186012
-0.106775603902551
-0.033130010812134

1 0 0

0.0546167904386168
-0.681051853497983
-0.0122679979920094
0.0625321064595463
-0.0129529710725102
-0.0701822564980521
0.00368543003149377
-0.331554523715926
-0.0102742854733411
-0.0318467735025499
0.0193701849682254
3.93447688155958
-0.0289350320068543
-0.807919863004811
0.00572775071910718
0.950403126540997
-0.0458178057521887
-0.431707386518293
0.0219496425194437
3.91978366069654
-0.157186220011703
-0.830465970130732
0.0207498947752093
0.309832367428495
-0.032260532815283

1 0 0

-0.00047684548372313
-0.0137220241571427
0.00322207746931144
1.13194955161692
-0.0336170726443358
-0.0792205962541818
0.0458242960372166
0.204521690171654
-0.00193637821266859
0.458684671967323
0.0621604763666166
-0.685852480561041
-0.00754536608682289
0.24501903449332
0.00886526652562051
1.54969519544728
-0.0379046722725753
-0.418051117172822
0.0264366675409186
1.71962049158495
-0.0262322819012104
0.272124683164078
-0.202678647414258
-0.719483462579117
0.0738844835024081

0 1 0

0.051761838060068
-0.807611402389189
-0.000944368725828664
0.225079369686661
0.0134864218220346
1.25053636827401
-0.0414650978462884
-0.142419864171731
0.0349078829655662
1.17471273214624
-0.0415964953971092
-0.797983390594834
0.0110499024374468
0.957773318201319
-0.0472209782554611
-0.503165219996473
0.0148542182697186
1.91848318588048
-0.149624706859668
-0.447685333249359
0.0319907671559727
-0.234115930848652
-0.0370388985922454
-0.232498461302053
0.0400555009438641

1 0 0

0.013834050544933
1.15932598503783
-0.0287382308539422
-0.0551818718035263
0.0448953081061598
-0.437266609200276
-0.0121482801614022
4.60126519522813
0.0610737278580002
-0.554649834222678
-0.0324419565269555
0.107678214209944
0.0217000818403087
-0.609780049316495
-0.0109784938033582
0.230000877914663
0.00980660271513529
-0.415971590234805
-0.0272696024137799
0.0654772351389216
0.00419761635357057
7.32270613698784
-0.199388629214282
-0.889553056742789
0.0270378263185935

1 0 0

-0.0248682555022702
0.138917103052181
0.0397963992131225
-0.496200300015995
-0.0237674758206936
2.12688449542545
0.0788448855828074
-0.684401277678841
-0.00149921965446227
-0.185503835166724
0.000694301935836837
3.23602928836713
-0.0347251890916423
-0.462576315929114
0.0273986183844801
0.873384564690657
-0.0323510051316339
-0.814321869228438
0.00153504241845769
8.03631788042815
-0.219761384043669
-0.799552337203341
0.0880692047199953
-0.213381466504257
-0.0358689733171366

1 0 0

0.0476317509938154
-0.482619216115585
-0.0109280798212485
3.31412493445175
0.0546167904386168
-0.681051853497983
-0.0122679979920094
0.0625321064595463
-0.0129529710725102
-0.0701822564980521
0.00368543003149377
-0.331554523715926
-0.0102742854733411
-0.0318467735025499
0.0193701849682254
3.93447688155958
-0.0289350320068543
-0.807919863004811
0.00572775071910718
0.950403126540997
-0.0458178057521887
-0.431707386518293
0.0219496425194437
3.91978366069654
-0.157186220011703

1 0 0

-0.0111103856533473
-0.549667470982047
-0.00047684548372313
-0.0137220241571427
0.00322207746931144
1.13194955161692
-0.0336170726443358
-0.0792205962541818
0.0458242960372166
0.204521690171654
-0.00193637821266859
0.458684671967323
0.0621604763666166
-0.685852480561041
-0.00754536608682289
0.24501903449332
0.00886526652562051
1.54969519544728
-0.0379046722725753
-0.418051117172822
0.0264366675409186
1.71962049158495
-0.0262322819012104
0.272124683164078
-0.202678647414258

1 0 0

0.0532200745427753
-0.50965869775886
-0.0165239575916099
3.22000236621764
0.051761838060068
-0.807611402389189
-0.000944368725828664
0.225079369686661
0.0134864218220346
1.25053636827401
-0.0414650978462884
-0.142419864171731
0.0349078829655662
1.17471273214624
-0.0415964953971092
-0.797983390594834
0.0110499024374468
0.957773318201319
-0.0472209782554611
-0.503165219996473
0.0148542182697186
1.91848318588048
-0.149624706859668
-0.447685333249359
0.0319907671559727

0 1 0

-0.0111103856533473
-0.549667470982047
-0.00047684548372313
-0.0137220241571427
0.00322207746931144
1.13194955161692
-0.0336170726443358
-0.0792205962541818
0.0458242960372166
0.204521690171654
-0.00193637821266859
0.458684671967323
0.0621604763666166
-0.685852480561041
-0.00754536608682289
0.24501903449332
0.00886526652562051
1.54969519544728
-0.0379046722725753
-0.418051117172822
0.0264366675409186
1.71962049158495
-0.0262322819012104
0.0670166061048338
-0.186767751269467

0 1 0

-0.030734388983252
0.104751769006629
0.0532200745427753
-0.50965869775886
-0.0165239575916099
3.22000236621764
0.051761838060068
-0.807611402389189
-0.000944368725828664
0.225079369686661
0.0134864218220346
1.25053636827401
-0.0414650978462884
-0.142419864171731
0.0349078829655662
1.17471273214624
-0.0415964953971092
-0.797983390594834
0.0110499024374468
0.957773318201319
-0.0472209782554611
-0.503165219996473
0.0148542182697186
1.91848318588048
-0.149624706859668

0 1 0

-0.0103866740325832
-0.0190581295956384
0.013834050544933
1.15932598503783
-0.0287382308539422
-0.0551818718035263
0.0448953081061598
-0.437266609200276
-0.0121482801614022
4.60126519522813
0.0610737278580002
-0.554649834222678
-0.0324419565269555
0.107678214209944
0.0217000818403087
-0.609780049316495
-0.0109784938033582
0.230000877914663
0.00980660271513529
-0.415971590234805
-0.0272696024137799
0.0654772351389216
0.00419761635357057
4.07628448102563
-0.130143778769083

1 0 0

-0.0150835962717151
0.968725157314446
0.00969912104017003
-0.0843029718570888
-0.0248682555022702
0.138917103052181
0.0397963992131225
-0.496200300015995
-0.0237674758206936
2.12688449542545
0.0788448855828074
-0.684401277678841
-0.00149921965446227
-0.185503835166724
0.000694301935836837
3.23602928836713
-0.0347251890916423
-0.462576315929114
0.0273986183844801
0.873384564690657
-0.0323510051316339
-0.814321869228438
0.00153504241845769
5.3216096440997
-0.0828221404313579

0 1 0

0.0476317509938154
-0.482619216115585
-0.0109280798212485
3.31412493445175
0.0546167904386168
-0.681051853497983
-0.0122679979920094
0.0625321064595463
-0.0129529710725102
-0.0701822564980521
0.00368543003149377
-0.331554523715926
-0.0102742854733411
-0.0318467735025499
0.0193701849682254
3.93447688155958
-0.0289350320068543
-0.807919863004811
0.00572775071910718
0.950403126540997
-0.0458178057521887
-0.431707386518293
0.0219496425194437
-0.267997723155471
-0.0117649210064365

1 0 0

-0.0111103856533473
-0.549667470982047
-0.00047684548372313
-0.0137220241571427
0.00322207746931144
1.13194955161692
-0.0336170726443358
-0.0792205962541818
0.0458242960372166
0.204521690171654
-0.00193637821266859
0.458684671967323
0.0621604763666166
-0.685852480561041
-0.00754536608682289
0.24501903449332
0.00886526652562051
1.54969519544728
-0.0379046722725753
-0.418051117172822
0.0264366675409186
1.71962049158495
-0.0262322819012104
-0.521003949327508
-0.0352294970355451

1 0 0

0.015471412568529
-0.0408249965460787
-0.030734388983252
0.104751769006629
0.0532200745427753
-0.50965869775886
-0.0165239575916099
3.22000236621764
0.051761838060068
-0.807611402389189
-0.000944368725828664
0.225079369686661
0.0134864218220346
1.25053636827401
-0.0414650978462884
-0.142419864171731
0.0349078829655662
1.17471273214624
-0.0415964953971092
-0.797983390594834
0.0110499024374468
0.957773318201319
-0.0472209782554611
-0.503165219996473
0.0148542182697186

1 0 0

-0.0103866740325832
-0.0190581295956384
0.013834050544933
1.15932598503783
-0.0287382308539422
-0.0551818718035263
0.0448953081061598
-0.437266609200276
-0.0121482801614022
4.60126519522813
0.0610737278580002
-0.554649834222678
-0.0324419565269555
0.107678214209944
0.0217000818403087
-0.609780049316495
-0.0109784938033582
0.230000877914663
0.00980660271513529
-0.415971590234805
-0.0272696024137799
0.0654772351389216
0.00419761635357057
1.94739116462416
-0.024842269891766

1 0 0

-0.0150835962717151
0.968725157314446
0.00969912104017003
-0.0843029718570888
-0.0248682555022702
0.138917103052181
0.0397963992131225
-0.496200300015995
-0.0237674758206936
2.12688449542545
0.0788448855828074
-0.684401277678841
-0.00149921965446227
-0.185503835166724
0.000694301935836837
3.23602928836713
-0.0347251890916423
-0.462576315929114
0.0273986183844801
0.873384564690657
-0.0323510051316339
-0.814321869228438
0.00153504241845769
2.81559719943023
-0.0422752084778009

0 1 0

0.0134276820242082
1.17033111877388
-0.0290823659883699
0.0102696314463756
0.0476317509938154
-0.482619216115585
-0.0109280798212485
3.31412493445175
0.0546167904386168
-0.681051853497983
-0.0122679979920094
0.0625321064595463
-0.0129529710725102
-0.0701822564980521
0.00368543003149377
-0.331554523715926
-0.0102742854733411
-0.0318467735025499
0.0193701849682254
3.93447688155958
-0.0289350320068543
-0.807919863004811
0.00572775071910718
0.950403126540997
-0.0458178057521887

1 0 0

-0.0111103856533473
-0.549667470982047
-0.00047684548372313
-0.0137220241571427
0.00322207746931144
1.13194955161692
-0.0336170726443358
-0.0792205962541818
0.0458242960372166
0.204521690171654
-0.00193637821266859
0.458684671967323
0.0621604763666166
-0.685852480561041
-0.00754536608682289
0.24501903449332
0.00886526652562051
1.54969519544728
-0.0379046722725753
-0.418051117172822
0.0264366675409186
1.71962049158495
-0.0262322819012104
-0.835172512964771
-0.0275736858528835

1 0 0

