20
11
3

-0.0527102690334212
-0.790566764364817
0.0183312060533696
2.69942870672044
-0.0843770777552157
1.04213915406519
0.116797668462422
-0.219397158449309
-0.0691770019198749
-0.732643381277541
0.0329914618663067

0 1 0

-0.0160067875776834
0.817752609956662
-0.0124537207824243
0.200958795321035
0.010076915806671
2.0537889736918
-0.0922871273893865
0.652205690150464
0.116887069380222
-0.431575320758816
-0.045154485122841

0 0 1

0.00395924156594526
2.31432125247469
-0.0527102690334212
-0.790566764364817
0.0183312060533696
2.69942870672044
-0.0843770777552157
1.04213915406519
0.116797668462422
-0.422065025351393
-0.0401372468906375

0 0 1

0.0338881377674621
2.19526201386724
-0.0825147172371317
0.057971783003582
0.083996127820829
-0.725750714609308
-0.00897969807391993
0.146644906763831
0.0210609731247312
0.787794995883727
-0.0292435007051436

0 0 1

-0.106548815490349
-0.693617686012782
0.0297426073288142
0.541972954040997
0.0711856321702006
-0.576454243163227
-0.0032953624453371
-0.0796210522660946
0.0220223574511433
0.0867623550969345
-0.058392022627619

0 1 0

-0.0400008805917576
1.43264315503029
-0.06449881899695
-0.392509576461591
0.113358696291648
-0.652944480043376
-0.00823887905448847
0.24866832979245
0.00812972032163675
-0.180443481630283
-0.0103587692795546

0 0 1

-0.0160067875776834
0.817752609956662
-0.0124537207824243
0.200958795321035
0.010076915806671
2.0537889736918
-0.0922871273893865
0.652205690150464
0.116887069380222
-0.831350799264632
-0.000887795016041833

0 0 1

0.00395924156594526
2.31432125247469
-0.0527102690334212
-0.790566764364817
0.0183312060533696
2.69942870672044
-0.0843770777552157
1.04213915406519
0.116797668462422
-0.810483949806914
-0.00611548245093778

0 0 1

-0.0374172170722715
0.120512246350669
0.0338881377674621
2.19526201386724
-0.0825147172371317
0.057971783003582
0.083996127820829
-0.725750714609308
-0.00897969807391993
0.146644906763831
0.0210609731247312

0 0 1

-0.00352652155536781
-0.475959402890034
0.00672896370424372
9.06111009263618
-0.106548815490349
-0.693617686012782
0.0297426073288142
0.541972954040997
0.0711856321702006
-0.576454243163227
-0.0032953624453371

1 0 0

-0.041938690755413
-0.45856823012181
0.020222982867513
1.05527553530577
-0.0400008805917576
1.43264315503029
-0.06449881899695
-0.392509576461591
0.113358696291648
-0.652944480043376
-0.00823887905448847

0 1 0

0.000958701419228335
-0.720382490116914
-0.0160067875776834
0.817752609956662
-0.0124537207824243
0.200958795321035
0.010076915806671
2.0537889736918
-0.0922871273893865
0.320289874060594
0.100614575049824

0 1 0

-0.0167018900858196
-0.27221501052173
0.00395924156594526
2.31432125247469
-0.0527102690334212
-0.790566764364817
0.0183312060533696
2.69942870672044
-0.0843770777552157
0.68390518875082
0.109227040340703

1 0 0

0.0175019261749667
0.32589478969282
-0.031377188831046
-0.747710420525156
-0.0374172170722715
0.120512246350669
0.0338881377674621
2.19526201386724
-0.0825147172371317
0.057971783003582
0.083996127820829

0 1 0

0.00420008311743432
-0.0424164489055675
-0.00352652155536781
-0.475959402890034
0.00672896370424372
9.06111009263618
-0.106548815490349
-0.693617686012782
0.0297426073288142
-0.467659821238662
0.0531876833544017

0 0 1

0.032926438948061
-0.579693394801059
-0.041938690755413
-0.45856823012181
0.020222982867513
1.05527553530577
-0.0400008805917576
1.43264315503029
-0.06449881899695
-0.764419326105253
0.0851048183083952

0 1 0

0.000958701419228335
-0.720382490116914
-0.0160067875776834
0.817752609956662
-0.0124537207824243
0.200958795321035
0.010076915806671
2.0537889736918
-0.0922871273893865
-0.470602803739417
0.0572752530458772

0 0 1

-0.043607283611025
0.59388864157456
0.032926438948061
-0.579693394801059
-0.041938690755413
-0.45856823012181
0.020222982867513
1.05527553530577
-0.0400008805917576
1.43264315503029
-0.06449881899695

0 1 0

0.000958701419228335
-0.720382490116914
-0.0160067875776834
0.817752609956662
-0.0124537207824243
0.200958795321035
0.010076915806671
2.0537889736918
-0.0922871273893865
-0.700275512208421
0.0168664526453234

0 0 1

-0.0167018900858196
-0.27221501052173
0.00395924156594526
2.31432125247469
-0.0527102690334212
-0.790566764364817
0.0183312060533696
2.69942870672044
-0.0843770777552157
-0.650898521593563
0.0166573444415006

0 1 0

